4.092000000000000000e+04 8.326976000000000155e+00 9.539520000000000222e-01
1.448800000000000000e+04 7.153469000000000300e+00 1.673904000000000059e+00
2.605200000000000000e+04 1.441870999999999903e+00 8.051239999999999508e-01
7.513600000000000000e+04 1.314739400000000025e+01 4.289640000000000120e-01
3.834400000000000000e+04 1.669788000000000050e+00 1.342959999999999987e-01
7.299300000000000000e+04 1.014174000000000042e+01 1.032955000000000068e+00
3.594800000000000000e+04 6.830791999999999753e+00 1.213192000000000048e+00
4.266600000000000000e+04 1.327636900000000075e+01 5.438800000000000301e-01
6.749700000000000000e+04 8.631577000000000055e+00 7.492779999999999996e-01
3.548300000000000000e+04 1.227316899999999933e+01 1.508053000000000088e+00
5.024200000000000000e+04 3.723498000000000197e+00 8.319170000000000176e-01
6.327500000000000000e+04 8.385878999999999195e+00 1.669485000000000108e+00
5.569000000000000000e+03 4.875435000000000407e+00 7.286580000000000279e-01
5.105200000000000000e+04 4.680098000000000091e+00 6.252240000000000020e-01
7.737200000000000000e+04 1.529956999999999923e+01 3.313510000000000066e-01
4.367300000000000000e+04 1.889461000000000057e+00 1.912830000000000086e-01
6.136400000000000000e+04 7.516753999999999714e+00 1.269163999999999959e+00
6.967300000000000000e+04 1.423919500000000049e+01 2.613329999999999820e-01
1.566900000000000000e+04 0.000000000000000000e+00 1.250185000000000102e+00
2.848800000000000000e+04 1.052855500000000077e+01 1.304843999999999893e+00
6.487000000000000000e+03 3.540265000000000217e+00 8.224829999999999641e-01
3.770800000000000000e+04 2.991550999999999849e+00 8.339199999999999946e-01
2.262000000000000000e+04 5.297864999999999824e+00 6.383060000000000400e-01
2.878200000000000000e+04 6.593803000000000303e+00 1.871079999999999965e-01
1.973900000000000000e+04 2.816759999999999931e+00 1.686209000000000069e+00
3.678800000000000000e+04 1.245825800000000072e+01 6.496170000000000000e-01
5.741000000000000000e+03 0.000000000000000000e+00 1.656417999999999946e+00
2.856700000000000000e+04 9.968647999999999954e+00 7.312319999999999931e-01
6.808000000000000000e+03 1.364837999999999996e+00 6.401029999999999776e-01
4.161100000000000000e+04 2.304529999999999912e-01 1.151996000000000020e+00
3.666100000000000000e+04 1.186540199999999956e+01 8.828099999999999836e-01
4.360500000000000000e+04 1.204599999999999976e-01 1.352012999999999909e+00
1.536000000000000000e+04 8.545204000000000022e+00 1.340429000000000093e+00
6.379600000000000000e+04 5.856648999999999994e+00 1.600060000000000093e-01
1.074300000000000000e+04 9.665618000000000265e+00 7.786260000000000403e-01
7.080800000000000000e+04 9.778762999999999650e+00 1.084103000000000039e+00
7.201100000000000000e+04 4.932976000000000028e+00 6.320259999999999767e-01
5.914000000000000000e+03 2.216245999999999938e+00 5.870950000000000335e-01
1.485100000000000000e+04 1.430563599999999980e+01 6.323170000000000179e-01
3.355300000000000000e+04 1.259188900000000011e+01 6.865809999999999969e-01
4.495200000000000000e+04 3.424649000000000054e+00 1.004504000000000064e+00
1.793400000000000000e+04 0.000000000000000000e+00 1.475730000000000097e-01
2.773800000000000000e+04 8.533822999999999936e+00 2.053240000000000065e-01
2.929000000000000000e+04 9.829527999999999821e+00 2.386199999999999988e-01
4.233000000000000000e+04 1.149218600000000023e+01 2.634989999999999832e-01
3.642900000000000000e+04 3.570968000000000142e+00 8.322540000000000493e-01
3.962300000000000000e+04 1.771228000000000025e+00 2.076119999999999910e-01
3.240400000000000000e+04 3.513920999999999850e+00 9.918540000000000134e-01
2.726800000000000000e+04 4.398171999999999748e+00 9.750240000000000018e-01
5.477000000000000000e+03 4.276823000000000263e+00 1.174873999999999974e+00
1.425400000000000000e+04 5.946013999999999911e+00 1.614244000000000012e+00
6.861300000000000000e+04 1.379897000000000062e+01 7.243749999999999911e-01
4.153900000000000000e+04 1.039359100000000069e+01 1.663723999999999981e+00
7.917000000000000000e+03 3.007576999999999945e+00 2.973020000000000107e-01
2.133100000000000000e+04 1.031938000000000022e+00 4.861739999999999950e-01
8.338000000000000000e+03 4.751211999999999769e+00 6.469300000000000050e-02
5.176000000000000000e+03 3.692269000000000023e+00 1.655113000000000056e+00
1.898300000000000000e+04 1.044809099999999980e+01 2.676520000000000010e-01
6.883700000000000000e+04 1.058578600000000058e+01 3.295569999999999888e-01
1.343800000000000000e+04 1.604500999999999955e+00 6.906400000000000039e-02
4.884900000000000000e+04 3.679497000000000018e+00 9.614660000000000428e-01
1.228500000000000000e+04 3.795145999999999908e+00 6.966940000000000355e-01
7.826000000000000000e+03 2.531884999999999941e+00 1.659173000000000009e+00
5.565000000000000000e+03 9.733340000000000103e+00 9.777460000000000040e-01
1.034600000000000000e+04 6.093066999999999567e+00 1.413798000000000110e+00
1.823000000000000000e+03 7.712959999999999816e+00 1.054926999999999948e+00
9.744000000000000000e+03 1.147036400000000000e+01 7.604610000000000536e-01
1.685700000000000000e+04 2.886528999999999900e+00 9.344160000000000244e-01
3.933600000000000000e+04 1.005437300000000000e+01 1.138350999999999891e+00
6.523000000000000000e+04 9.972469999999999501e+00 8.818759999999999932e-01
2.463000000000000000e+03 2.335785000000000000e+00 1.366144999999999943e+00
2.735300000000000000e+04 1.137515499999999946e+01 1.528626000000000040e+00
1.619100000000000000e+04 0.000000000000000000e+00 6.056190000000000184e-01
1.225800000000000000e+04 4.126787000000000205e+00 3.575010000000000132e-01
4.237700000000000000e+04 6.319522000000000084e+00 1.058602000000000043e+00
2.560700000000000000e+04 8.680526999999999660e+00 8.695500000000000451e-02
7.745000000000000000e+04 1.485639100000000035e+01 1.129823000000000022e+00
5.873200000000000000e+04 2.454285000000000050e+00 2.223799999999999943e-01
4.642600000000000000e+04 7.292201999999999629e+00 5.486069999999999558e-01
3.268800000000000000e+04 8.745136999999999716e+00 8.573479999999999990e-01
6.489000000000000000e+04 8.579000999999999877e+00 6.830479999999999885e-01
8.554000000000000000e+03 2.507302000000000142e+00 8.691769999999999774e-01
2.886100000000000000e+04 1.141547599999999996e+01 1.505465999999999971e+00
4.205000000000000000e+04 4.838540000000000063e+00 1.680892000000000053e+00
3.219300000000000000e+04 1.033950699999999934e+01 5.836459999999999981e-01
6.489500000000000000e+04 6.573742000000000196e+00 1.151432999999999929e+00
2.355000000000000000e+03 6.539397000000000126e+00 4.620650000000000035e-01
0.000000000000000000e+00 2.209159000000000095e+00 7.235669999999999602e-01
7.040600000000000000e+04 1.119637799999999928e+01 8.363260000000000138e-01
5.739900000000000000e+04 4.229594999999999771e+00 1.282530000000000059e-01
4.173200000000000000e+04 9.505943999999999505e+00 5.272999999999999909e-03
1.142900000000000000e+04 8.652725000000000222e+00 1.348934000000000077e+00
7.527000000000000000e+04 1.710110799999999998e+01 4.907119999999999815e-01
5.459000000000000000e+03 7.871838999999999587e+00 7.176620000000000221e-01
7.352000000000000000e+04 8.262131000000000114e+00 1.361645999999999912e+00
4.027900000000000000e+04 9.015634999999999621e+00 1.658555000000000001e+00
2.154000000000000000e+04 9.215351000000000070e+00 8.067619999999999791e-01
1.769400000000000000e+04 6.375007000000000090e+00 3.367799999999999960e-02
2.232900000000000000e+04 2.262014000000000191e+00 1.022169000000000105e+00
4.657000000000000000e+04 5.677109999999999879e+00 7.094690000000000163e-01
4.240300000000000000e+04 1.129301700000000075e+01 2.079759999999999942e-01
3.365400000000000000e+04 6.590042999999999651e+00 1.353116999999999903e+00
9.171000000000000000e+03 4.711960000000000370e+00 1.941670000000000063e-01
2.812200000000000000e+04 8.768098999999999421e+00 1.108041000000000054e+00
3.409500000000000000e+04 1.150251899999999949e+01 5.450970000000000537e-01
1.774000000000000000e+03 4.682812000000000197e+00 5.781119999999999592e-01
4.013100000000000000e+04 1.244657800000000059e+01 3.007540000000000213e-01
1.399400000000000000e+04 1.290838399999999986e+01 1.657721999999999918e+00
7.706400000000000000e+04 1.260110799999999998e+01 9.745270000000000321e-01
1.121000000000000000e+04 3.929456000000000060e+00 2.546599999999999905e-02
6.122000000000000000e+03 9.751502999999999588e+00 1.182050000000000045e+00
1.534100000000000000e+04 3.043766999999999889e+00 8.881679999999999575e-01
4.437300000000000000e+04 4.391522000000000148e+00 8.071000000000000396e-01
2.845400000000000000e+04 1.169527599999999978e+01 6.790150000000000352e-01
6.377100000000000000e+04 7.879742000000000246e+00 1.542630000000000112e-01
9.217000000000000000e+03 5.613163000000000125e+00 9.336320000000000174e-01
6.907600000000000000e+04 9.140171999999999741e+00 8.512999999999999456e-01
2.448900000000000000e+04 4.258644000000000318e+00 2.068919999999999926e-01
1.687100000000000000e+04 6.799831000000000181e+00 1.221171000000000006e+00
3.977600000000000000e+04 8.752758000000000038e+00 4.844180000000000152e-01
5.901000000000000000e+03 1.123032999999999948e+00 1.180352000000000068e+00
4.098700000000000000e+04 1.083324799999999932e+01 1.585426000000000002e+00
7.479000000000000000e+03 3.051617999999999942e+00 2.678099999999999925e-02
3.876800000000000000e+04 5.308409000000000155e+00 3.068299999999999847e-02
4.933000000000000000e+03 1.841792000000000096e+00 2.809899999999999898e-02
3.231100000000000000e+04 2.261978000000000044e+00 1.605602999999999891e+00
2.650100000000000000e+04 1.157369599999999998e+01 1.061347000000000040e+00
3.743300000000000000e+04 8.038764000000000465e+00 1.083909999999999929e+00
2.350300000000000000e+04 1.073400700000000008e+01 1.037150000000000016e-01
6.860700000000000000e+04 9.661908999999999637e+00 3.507719999999999727e-01
2.774200000000000000e+04 9.005850000000000577e+00 5.487370000000000303e-01
1.130300000000000000e+04 0.000000000000000000e+00 5.391310000000000269e-01
0.000000000000000000e+00 5.757139999999999702e+00 1.062373000000000012e+00
3.272900000000000000e+04 9.164656000000000802e+00 1.624565000000000037e+00
2.461900000000000000e+04 1.318340000000000067e+00 1.436242999999999936e+00
4.241400000000000000e+04 1.407559700000000014e+01 6.959340000000000526e-01
2.021000000000000000e+04 1.010754999999999981e+01 1.308397999999999950e+00
3.322500000000000000e+04 7.960293000000000063e+00 1.219759999999999955e+00
5.448300000000000000e+04 6.317292000000000129e+00 1.820899999999999949e-02
1.847500000000000000e+04 1.266419400000000017e+01 5.956529999999999880e-01
3.392600000000000000e+04 2.906644000000000005e+00 5.816569999999999796e-01
4.386500000000000000e+04 2.388240999999999836e+00 9.139380000000000281e-01
2.654700000000000000e+04 6.024471000000000132e+00 4.862150000000000083e-01
4.440400000000000000e+04 7.226764000000000188e+00 1.255328999999999917e+00
1.667400000000000000e+04 4.183996999999999744e+00 1.275290000000000035e+00
8.123000000000000000e+03 1.185021099999999983e+01 1.096980999999999984e+00
4.274700000000000000e+04 1.166179699999999997e+01 1.167934999999999945e+00
5.605400000000000000e+04 3.574967000000000006e+00 4.946659999999999946e-01
1.093300000000000000e+04 0.000000000000000000e+00 1.074750000000000011e-01
1.812100000000000000e+04 7.937656999999999741e+00 9.047990000000000199e-01
1.127200000000000000e+04 3.365026999999999990e+00 1.014084999999999903e+00
1.629700000000000000e+04 0.000000000000000000e+00 3.674910000000000121e-01
2.816800000000000000e+04 1.386067199999999922e+01 1.293269999999999920e+00
4.096300000000000000e+04 1.030671399999999949e+01 1.211594000000000060e+00
3.168500000000000000e+04 7.228002000000000038e+00 6.706699999999999884e-01
5.516400000000000000e+04 4.508740000000000414e+00 1.036192000000000002e+00
1.759500000000000000e+04 3.663279999999999870e-01 1.636519999999999919e-01
1.862000000000000000e+03 3.299443999999999821e+00 5.751519999999999966e-01
5.708700000000000000e+04 5.732869999999999910e-01 6.079149999999999832e-01
6.308200000000000000e+04 9.183737999999999957e+00 1.227999999999999925e-02
5.121300000000000000e+04 7.842646000000000228e+00 1.060635999999999912e+00
6.487000000000000000e+03 4.750963999999999743e+00 5.582399999999999585e-01
4.805000000000000000e+03 1.143870199999999926e+01 1.556334000000000106e+00
3.030200000000000000e+04 8.243062999999999363e+00 1.122767999999999988e+00
6.868000000000000000e+04 7.949017000000000444e+00 2.718650000000000233e-01
1.759100000000000000e+04 7.875477000000000061e+00 2.270850000000000091e-01
7.439100000000000000e+04 9.569086999999999676e+00 3.648560000000000136e-01
3.721700000000000000e+04 7.750103000000000186e+00 8.690940000000000332e-01
4.281400000000000000e+04 0.000000000000000000e+00 1.515293000000000001e+00
1.473800000000000000e+04 3.396030000000000104e+00 6.339770000000000127e-01
1.989600000000000000e+04 1.191609099999999977e+01 2.529400000000000051e-02
1.467300000000000000e+04 4.607580000000000009e-01 6.895860000000000323e-01
3.201100000000000000e+04 1.308756600000000070e+01 4.760019999999999807e-01
5.873600000000000000e+04 4.589015999999999984e+00 1.672600000000000087e+00
5.474400000000000000e+04 8.397216999999999487e+00 1.534102999999999994e+00
2.948200000000000000e+04 5.562771999999999828e+00 1.689387999999999890e+00
2.769800000000000000e+04 1.090515899999999938e+01 6.190909999999999469e-01
1.144300000000000000e+04 1.311441000000000079e+00 1.169886999999999899e+00
5.611700000000000000e+04 1.064716999999999913e+01 9.801410000000000400e-01
3.951400000000000000e+04 0.000000000000000000e+00 4.819180000000000130e-01
2.662700000000000000e+04 8.503024999999999167e+00 8.308609999999999607e-01
1.652500000000000000e+04 4.368799999999999906e-01 1.395313999999999943e+00
2.436800000000000000e+04 6.127867000000000175e+00 1.102179000000000020e+00
2.216000000000000000e+04 1.211249199999999959e+01 3.596799999999999997e-01
6.030000000000000000e+03 1.264968000000000092e+00 1.141582000000000097e+00
6.468000000000000000e+03 6.067567999999999628e+00 1.327047000000000088e+00
2.294500000000000000e+04 8.010963999999999530e+00 1.681648000000000032e+00
1.852000000000000000e+04 3.791084000000000120e+00 3.040720000000000089e-01
3.491400000000000000e+04 1.177319499999999941e+01 1.262620999999999993e+00
6.121000000000000000e+03 8.339587999999999113e+00 1.443357000000000001e+00
3.806300000000000000e+04 2.563092000000000148e+00 1.464013000000000009e+00
2.341000000000000000e+04 5.954215999999999731e+00 9.537820000000000187e-01
3.507300000000000000e+04 9.288373999999999242e+00 7.673179999999999445e-01
5.291400000000000000e+04 3.976796000000000220e+00 1.043109000000000064e+00
1.680100000000000000e+04 8.585226999999999720e+00 1.455708000000000002e+00
9.533000000000000000e+03 1.271946000000000021e+00 7.965060000000000473e-01
1.672100000000000000e+04 0.000000000000000000e+00 2.427779999999999938e-01
5.832000000000000000e+03 0.000000000000000000e+00 8.974899999999999545e-02
4.459100000000000000e+04 1.152129799999999982e+01 3.008600000000000163e-01
1.014300000000000000e+04 1.139447000000000099e+00 4.153729999999999922e-01
2.160900000000000000e+04 5.699089999999999989e+00 1.391891999999999907e+00
2.381700000000000000e+04 2.449377999999999833e+00 1.322559999999999958e+00
1.564000000000000000e+04 0.000000000000000000e+00 1.228380000000000027e+00
8.847000000000000000e+03 3.168365000000000098e+00 5.399299999999999933e-02
5.093900000000000000e+04 1.042861000000000082e+01 1.126257000000000064e+00
2.852100000000000000e+04 2.943070000000000075e+00 1.446816000000000102e+00
3.290100000000000000e+04 1.044134799999999963e+01 9.752830000000000110e-01
4.285000000000000000e+04 1.247876399999999997e+01 1.628725999999999896e+00
1.349900000000000000e+04 5.856901999999999830e+00 3.638830000000000120e-01
4.034500000000000000e+04 2.476420000000000066e+00 9.607499999999999374e-02
4.354700000000000000e+04 1.826637000000000066e+00 8.114569999999999839e-01
7.075800000000000000e+04 4.324450999999999823e+00 3.282349999999999990e-01
1.978000000000000000e+04 1.376085000000000003e+00 1.178358999999999934e+00
4.448400000000000000e+04 5.342462000000000266e+00 3.945270000000000166e-01
5.446200000000000000e+04 1.183552099999999996e+01 6.933009999999999451e-01
2.008500000000000000e+04 1.242368699999999926e+01 1.424263999999999974e+00
4.229100000000000000e+04 1.216127299999999956e+01 7.113099999999999978e-02
4.755000000000000000e+04 8.148360000000000269e+00 1.649194000000000049e+00
1.193800000000000000e+04 1.531066999999999956e+00 1.549755999999999911e+00
4.069900000000000000e+04 3.200912000000000202e+00 3.096789999999999821e-01
7.090800000000000000e+04 8.862690999999999875e+00 5.305060000000000331e-01
7.398900000000000000e+04 6.370550999999999853e+00 3.693500000000000116e-01
1.187200000000000000e+04 2.468840999999999841e+00 1.450599999999999945e-01
4.846300000000000000e+04 1.105421199999999970e+01 1.415079999999999949e-01
1.598700000000000000e+04 2.037080000000000002e+00 7.152429999999999621e-01
7.003600000000000000e+04 1.336402999999999963e+01 5.499720000000000164e-01
3.296700000000000000e+04 1.024913500000000077e+01 1.927349999999999897e-01
6.324900000000000000e+04 1.046425200000000011e+01 1.669767000000000001e+00
4.279500000000000000e+04 9.424573999999999785e+00 1.372499999999999935e-02
1.445900000000000000e+04 4.458902000000000143e+00 2.684440000000000159e-01
1.997300000000000000e+04 0.000000000000000000e+00 5.759760000000000435e-01
5.494000000000000000e+03 9.686082000000000747e+00 1.029808000000000057e+00
6.790200000000000000e+04 1.364940200000000026e+01 1.052618000000000054e+00
2.562100000000000000e+04 1.318114800000000031e+01 2.730139999999999789e-01
2.754500000000000000e+04 3.877472000000000030e+00 4.016000000000000125e-01
5.865600000000000000e+04 1.413952000000000098e+00 4.513800000000000034e-01
7.327000000000000000e+03 4.248986000000000374e+00 1.430249000000000104e+00
6.455500000000000000e+04 8.779182999999999737e+00 8.459470000000000045e-01
8.998000000000000000e+03 4.156252000000000280e+00 9.710900000000000087e-02
1.175200000000000000e+04 5.580017999999999923e+00 1.584009999999999863e-01
7.631900000000000000e+04 1.504044000000000025e+01 1.366897999999999946e+00
2.766500000000000000e+04 1.279387000000000008e+01 1.307323000000000013e+00
6.741700000000000000e+04 3.254877000000000020e+00 6.695459999999999745e-01
2.180800000000000000e+04 1.072560700000000011e+01 5.885880000000000001e-01
1.532600000000000000e+04 8.256472999999999729e+00 7.658909999999999885e-01
2.005700000000000000e+04 8.033891999999999811e+00 1.618562000000000056e+00
7.934100000000000000e+04 1.070253199999999971e+01 2.047920000000000018e-01
1.563600000000000000e+04 5.062996000000000052e+00 1.132554999999999978e+00
3.560200000000000000e+04 1.077228599999999936e+01 6.687210000000000099e-01
2.854400000000000000e+04 1.892354000000000092e+00 8.370279999999999943e-01
5.766300000000000000e+04 1.019965999999999928e+00 3.723199999999999843e-01
7.872700000000000000e+04 1.554604299999999917e+01 7.297420000000000018e-01
6.825500000000000000e+04 1.163820499999999925e+01 4.091250000000000164e-01
1.496400000000000000e+04 3.427885999999999989e+00 9.756160000000000387e-01
2.183500000000000000e+04 1.124617399999999989e+01 1.475586000000000064e+00
7.487000000000000000e+03 0.000000000000000000e+00 6.450449999999999795e-01
8.700000000000000000e+03 0.000000000000000000e+00 1.424017000000000088e+00
2.622600000000000000e+04 8.242552999999999130e+00 2.790690000000000115e-01
6.589900000000000000e+04 8.700060000000000571e+00 1.018069999999999947e-01
6.543000000000000000e+03 8.123439999999999550e-01 2.603340000000000098e-01
4.655600000000000000e+04 2.448234999999999939e+00 1.176828999999999903e+00
7.103800000000000000e+04 1.323007800000000067e+01 6.161470000000000002e-01
4.765700000000000000e+04 2.361330000000000096e-01 3.408399999999999763e-01
1.960000000000000000e+04 1.115582599999999935e+01 3.351310000000000122e-01
3.742200000000000000e+04 1.102963600000000000e+01 5.057690000000000241e-01
1.363000000000000000e+03 2.901180999999999788e+00 1.646633000000000013e+00
2.653500000000000000e+04 3.924593999999999916e+00 1.143119999999999914e+00
4.770700000000000000e+04 2.524805999999999884e+00 1.292847999999999997e+00
3.805500000000000000e+04 3.527474000000000220e+00 1.449157999999999946e+00
6.286000000000000000e+03 3.384281000000000095e+00 8.892679999999999474e-01
1.074700000000000000e+04 0.000000000000000000e+00 1.107591999999999910e+00
4.488300000000000000e+04 1.189888999999999974e+01 4.064409999999999967e-01
5.682300000000000000e+04 3.529891999999999808e+00 1.375844000000000067e+00
6.808600000000000000e+04 1.144267699999999977e+01 6.969189999999999552e-01
7.024200000000000000e+04 1.030814499999999967e+01 4.227219999999999867e-01
1.140900000000000000e+04 8.540528999999999371e+00 7.273730000000000473e-01
6.767100000000000000e+04 7.156949000000000005e+00 1.691681999999999908e+00
6.123800000000000000e+04 7.206749999999999545e-01 8.475740000000000496e-01
1.777400000000000000e+04 2.294049999999999978e-01 1.038602999999999943e+00
5.337600000000000000e+04 3.399331000000000103e+00 7.750100000000000044e-02
3.093000000000000000e+04 6.157238999999999685e+00 5.801330000000000098e-01
2.898700000000000000e+04 1.239697999999999967e+00 7.199889999999999901e-01
1.365500000000000000e+04 6.036853999999999942e+00 1.654800000000000021e-02
7.227000000000000000e+03 5.258664999999999701e+00 9.337220000000000519e-01
4.040900000000000000e+04 1.239300099999999993e+01 1.571280999999999928e+00
1.360500000000000000e+04 9.627613000000000198e+00 9.358419999999999517e-01
2.640000000000000000e+04 1.113045299999999926e+01 5.976099999999999746e-01
1.349100000000000000e+04 8.842594999999999317e+00 3.497680000000000233e-01
3.023200000000000000e+04 1.069000999999999912e+01 1.456595000000000084e+00
4.325300000000000000e+04 5.714718000000000409e+00 1.674779999999999935e+00
5.553600000000000000e+04 3.052505000000000024e+00 1.335803999999999991e+00
8.807000000000000000e+03 0.000000000000000000e+00 5.902500000000000108e-02
2.578300000000000000e+04 9.945306999999999675e+00 1.287951999999999986e+00
2.281200000000000000e+04 2.719723000000000113e+00 1.142147999999999941e+00
7.782600000000000000e+04 1.115405499999999961e+01 1.608486000000000082e+00
3.817200000000000000e+04 2.687917999999999807e+00 6.608359999999999790e-01
3.167600000000000000e+04 1.003784699999999930e+01 9.622450000000000170e-01
7.403800000000000000e+04 1.240476199999999984e+01 1.112079999999999957e+00
4.473800000000000000e+04 1.023730499999999921e+01 6.334220000000000406e-01
1.741000000000000000e+04 4.745391999999999832e+00 6.625199999999999978e-01
5.688000000000000000e+03 4.639460999999999835e+00 1.569431000000000020e+00
3.664200000000000000e+04 3.149309999999999832e+00 6.396690000000000431e-01
2.995600000000000000e+04 1.340687499999999943e+01 1.639194000000000040e+00
6.035000000000000000e+04 6.068667999999999729e+00 8.812410000000000521e-01
2.375800000000000000e+04 9.477021999999999835e+00 8.990019999999999678e-01
2.578000000000000000e+04 3.897619999999999862e+00 5.602009999999999490e-01
1.134200000000000000e+04 5.463614999999999888e+00 1.203677000000000108e+00
3.610900000000000000e+04 3.369266999999999790e+00 1.575042999999999971e+00
1.429200000000000000e+04 5.234562000000000381e+00 8.259539999999999660e-01
1.116000000000000000e+04 0.000000000000000000e+00 7.221699999999999786e-01
2.376200000000000000e+04 1.297906900000000086e+01 5.040679999999999605e-01
3.956700000000000000e+04 5.376564000000000121e+00 5.574759999999999716e-01
2.564700000000000000e+04 1.352791000000000032e+01 1.586732000000000031e+00
1.481400000000000000e+04 2.196889000000000092e+00 7.845870000000000344e-01
7.359000000000000000e+04 1.069174800000000047e+01 7.509000000000000050e-03
3.518700000000000000e+04 1.659242000000000106e+00 4.470660000000000189e-01
4.945900000000000000e+04 8.369666999999999746e+00 6.566969999999999752e-01
3.165700000000000000e+04 1.315719700000000003e+01 1.432479999999999865e-01
6.259000000000000000e+03 8.199666999999999817e+00 9.085079999999999822e-01
3.310100000000000000e+04 4.441669000000000089e+00 4.393810000000000215e-01
2.710700000000000000e+04 9.846491999999999578e+00 6.445229999999999571e-01
1.782400000000000000e+04 1.953999999999999834e-02 9.779489999999999572e-01
4.353600000000000000e+04 8.253773999999999944e+00 7.487000000000000322e-01
6.770500000000000000e+04 6.038619999999999877e+00 1.509646000000000043e+00
3.528300000000000000e+04 6.091586999999999641e+00 1.694641000000000064e+00
7.130800000000000000e+04 8.986819999999999808e+00 1.225165000000000060e+00
3.105400000000000000e+04 1.150847300000000040e+01 1.624295999999999962e+00
5.238700000000000000e+04 8.807733999999999952e+00 7.139219999999999455e-01
4.032800000000000000e+04 0.000000000000000000e+00 8.166759999999999575e-01
3.484400000000000000e+04 8.889201999999999160e+00 1.665413999999999950e+00
1.160700000000000000e+04 3.178116999999999859e+00 5.427520000000000122e-01
6.430600000000000000e+04 7.013795000000000002e+00 1.399090000000000056e-01
3.272100000000000000e+04 9.605014000000000607e+00 6.525400000000000644e-02
3.317000000000000000e+04 1.230539999999999967e+00 1.331674000000000024e+00
3.719200000000000000e+04 1.041281099999999959e+01 8.908030000000000115e-01
1.308900000000000000e+04 0.000000000000000000e+00 5.671610000000000262e-01
6.649100000000000000e+04 9.699991000000000696e+00 1.220109999999999945e-01
1.594100000000000000e+04 0.000000000000000000e+00 6.119100000000000233e-02
4.272000000000000000e+03 4.455293000000000170e+00 2.721350000000000158e-01
4.881200000000000000e+04 3.020976999999999801e+00 1.502803000000000111e+00
2.881800000000000000e+04 8.099277999999999977e+00 2.163170000000000093e-01
3.539400000000000000e+04 1.157764000000000015e+00 1.603216999999999892e+00
7.179100000000000000e+04 1.010539600000000071e+01 1.210669999999999941e-01
4.066800000000000000e+04 1.123014799999999980e+01 4.086029999999999940e-01
3.958000000000000000e+04 9.070057999999999510e+00 1.137900000000000023e-02
1.178600000000000000e+04 5.664599999999999635e-01 4.788370000000000126e-01
1.925100000000000000e+04 0.000000000000000000e+00 4.873000000000000109e-01
5.659400000000000000e+04 8.956369000000000469e+00 1.193483999999999989e+00
5.449500000000000000e+04 1.523057000000000105e+00 6.205279999999999685e-01
1.184400000000000000e+04 2.749006000000000061e+00 1.698550000000000060e-01
4.546500000000000000e+04 9.235393000000000185e+00 1.883499999999999897e-01
3.103300000000000000e+04 1.055557300000000076e+01 4.039269999999999805e-01
1.663300000000000000e+04 6.956372000000000000e+00 1.519308000000000103e+00
1.388700000000000000e+04 6.362809999999999855e-01 1.273984000000000005e+00
5.260300000000000000e+04 3.574736999999999831e+00 7.516299999999999371e-02
7.200000000000000000e+04 9.032486000000000459e+00 1.461808999999999914e+00
6.849700000000000000e+04 5.958993000000000428e+00 2.301200000000000120e-02
3.513500000000000000e+04 2.435299999999999798e+00 1.211743999999999932e+00
2.639700000000000000e+04 1.053973099999999974e+01 1.638247999999999927e+00
7.313000000000000000e+03 7.646702000000000332e+00 5.651300000000000073e-02
9.127300000000000000e+04 2.091934900000000042e+01 6.445710000000000051e-01
2.474300000000000000e+04 1.424725999999999937e+00 8.384470000000000534e-01
3.169000000000000000e+04 6.748662999999999634e+00 8.902229999999999865e-01
1.543200000000000000e+04 2.289166999999999952e+00 1.148809999999999970e-01
5.839400000000000000e+04 5.548377000000000336e+00 4.022379999999999844e-01
3.396200000000000000e+04 6.057227000000000139e+00 4.326659999999999950e-01
3.144200000000000000e+04 1.082859499999999997e+01 5.599549999999999805e-01
3.104400000000000000e+04 1.131816000000000066e+01 2.710940000000000016e-01
2.993800000000000000e+04 1.326531100000000052e+01 6.339029999999999943e-01
9.875000000000000000e+03 0.000000000000000000e+00 1.496715000000000018e+00
5.154200000000000000e+04 6.517133000000000287e+00 4.025190000000000157e-01
1.187800000000000000e+04 4.934374000000000038e+00 1.520027999999999935e+00
6.924100000000000000e+04 1.015173799999999993e+01 8.964330000000000354e-01
3.777600000000000000e+04 2.425781000000000187e+00 1.559466999999999937e+00
6.899700000000000000e+04 9.778961999999999932e+00 1.195497999999999950e+00
6.741600000000000000e+04 1.221995000000000076e+01 6.576769999999999561e-01
5.922500000000000000e+04 7.394150999999999918e+00 9.544340000000000046e-01
2.913800000000000000e+04 8.518534999999999968e+00 7.425460000000000393e-01
5.962000000000000000e+03 2.798700000000000188e+00 6.626319999999999988e-01
1.084700000000000000e+04 6.379299999999999971e-01 6.173729999999999496e-01
7.052700000000000000e+04 1.075048999999999921e+01 9.741500000000000159e-02
9.610000000000000000e+03 6.253819999999999935e-01 1.409690000000000110e-01
6.473400000000000000e+04 1.002796799999999955e+01 2.827870000000000106e-01
2.594100000000000000e+04 9.817346999999999824e+00 3.641969999999999930e-01
2.763000000000000000e+03 6.468279999999999585e-01 1.266069000000000111e+00
5.560100000000000000e+04 3.347110999999999947e+00 9.142940000000000511e-01
3.112800000000000000e+04 1.181689199999999929e+01 1.937979999999999980e-01
5.181000000000000000e+03 0.000000000000000000e+00 1.480197999999999903e+00
6.998200000000000000e+04 1.094566599999999923e+01 9.932189999999999630e-01
5.244000000000000000e+04 1.024470600000000076e+01 2.805389999999999828e-01
5.735000000000000000e+04 2.579800999999999789e+00 1.149172000000000082e+00
5.786900000000000000e+04 2.630409999999999915e+00 9.886899999999999855e-02
5.655700000000000000e+04 1.174619999999999997e+01 1.695516999999999941e+00
4.234200000000000000e+04 8.104231999999999658e+00 1.326276999999999928e+00
1.556000000000000000e+04 1.240974300000000063e+01 7.902949999999999697e-01
3.482600000000000000e+04 1.216784400000000055e+01 1.328086000000000100e+00
8.569000000000000000e+03 3.198408000000000140e+00 2.992870000000000252e-01
7.762300000000000000e+04 1.605551300000000126e+01 5.410519999999999774e-01
7.818400000000000000e+04 7.138658999999999644e+00 1.584810000000000108e-01
7.036000000000000000e+03 4.831040999999999919e+00 7.614189999999999570e-01
6.961600000000000000e+04 1.008289000000000080e+01 1.373610999999999915e+00
2.154600000000000000e+04 1.006686700000000023e+01 7.884700000000000042e-01
3.671500000000000000e+04 8.129538000000000153e+00 3.299130000000000118e-01
2.052200000000000000e+04 3.012462999999999891e+00 1.138107999999999898e+00
4.234900000000000000e+04 3.720390999999999782e+00 8.459740000000000038e-01
9.037000000000000000e+03 7.734929999999999861e-01 1.148255999999999943e+00
2.672800000000000000e+04 1.096294100000000071e+01 1.037323999999999913e+00
5.870000000000000000e+02 1.776210000000000011e-01 1.626140000000000085e-01
4.891500000000000000e+04 3.085853000000000179e+00 9.678989999999999538e-01
9.824000000000000000e+03 8.426781000000000077e+00 2.025579999999999881e-01
4.135000000000000000e+03 1.825927000000000078e+00 1.128346999999999989e+00
9.666000000000000000e+03 2.185154999999999959e+00 1.010172999999999988e+00
5.933300000000000000e+04 7.184594999999999843e+00 1.261338000000000070e+00
3.619800000000000000e+04 0.000000000000000000e+00 1.165250000000000036e-01
3.490900000000000000e+04 8.901752000000000109e+00 1.033527000000000085e+00
4.751600000000000000e+04 2.451496999999999815e+00 1.358794999999999975e+00
5.580700000000000000e+04 3.213630999999999904e+00 4.320439999999999836e-01
1.403600000000000000e+04 3.974739000000000022e+00 7.239290000000000447e-01
4.285600000000000000e+04 9.601305999999999230e+00 6.192320000000000046e-01
6.400700000000000000e+04 8.363896999999999693e+00 4.453409999999999869e-01
5.942800000000000000e+04 6.381484000000000378e+00 1.365018999999999982e+00
1.373000000000000000e+04 0.000000000000000000e+00 1.403914000000000106e+00
4.174000000000000000e+04 9.609835999999999601e+00 1.438104999999999967e+00
6.354600000000000000e+04 9.904740999999999573e+00 9.858620000000000161e-01
3.041700000000000000e+04 7.185806999999999611e+00 1.489101999999999926e+00
6.963600000000000000e+04 5.466702999999999868e+00 1.216571000000000069e+00
6.466000000000000000e+04 0.000000000000000000e+00 9.158979999999999899e-01
1.488300000000000000e+04 4.575442999999999927e+00 5.356710000000000083e-01
7.965000000000000000e+03 3.277076000000000100e+00 1.010868000000000100e+00
6.862000000000000000e+04 1.024662299999999959e+01 1.239633999999999903e+00
8.738000000000000000e+03 2.341734999999999900e+00 1.060235000000000039e+00
7.544000000000000000e+03 3.201045999999999836e+00 4.988429999999999809e-01
6.377000000000000000e+03 6.066012999999999877e+00 1.209270000000000067e-01
3.684200000000000000e+04 8.829378999999999422e+00 8.956570000000000364e-01
8.104600000000000000e+04 1.583304799999999979e+01 1.568244999999999889e+00
6.773600000000000000e+04 1.351671100000000081e+01 1.220153000000000043e+00
3.249200000000000000e+04 6.642839999999999856e-01 1.116754999999999942e+00
3.929900000000000000e+04 6.325139000000000067e+00 6.051090000000000080e-01
7.728900000000000000e+04 8.677498999999999185e+00 3.443729999999999847e-01
3.383500000000000000e+04 8.188005000000000422e+00 9.648959999999999759e-01
7.189000000000000000e+04 9.414263000000000048e+00 3.840299999999999825e-01
3.205400000000000000e+04 9.196547000000000693e+00 1.138252999999999959e+00
3.857900000000000000e+04 1.020296800000000026e+01 4.523630000000000151e-01
5.598400000000000000e+04 2.119438999999999851e+00 1.481660999999999895e+00
7.269400000000000000e+04 1.363507800000000003e+01 8.583140000000000214e-01
4.229900000000000000e+04 8.344300000000000328e-02 7.016689999999999872e-01
2.663500000000000000e+04 9.149096000000000117e+00 1.051446000000000103e+00
8.579000000000000000e+03 1.933802999999999939e+00 1.374387999999999943e+00
3.730200000000000000e+04 1.411554399999999987e+01 6.761979999999999658e-01
2.287800000000000000e+04 8.933735999999999677e+00 9.433519999999999683e-01
4.364000000000000000e+03 2.661254000000000008e+00 9.461169999999999858e-01
4.985000000000000000e+03 9.884319999999999773e-01 1.305026999999999937e+00
3.706800000000000000e+04 2.063740999999999826e+00 1.125945999999999891e+00
4.113700000000000000e+04 2.220590000000000064e+00 6.907539999999999791e-01
6.775900000000000000e+04 6.424849000000000032e+00 8.066410000000000524e-01
1.183100000000000000e+04 1.156152999999999986e+00 1.613674000000000053e+00
3.450200000000000000e+04 3.032719999999999860e+00 6.018470000000000208e-01
4.088000000000000000e+03 3.076827999999999896e+00 9.520889999999999631e-01
1.519900000000000000e+04 0.000000000000000000e+00 3.181050000000000266e-01
1.730900000000000000e+04 7.750479999999999592e+00 5.540150000000000352e-01
4.281600000000000000e+04 1.095813500000000040e+01 1.482499999999999929e+00
4.375100000000000000e+04 1.022201800000000027e+01 4.886780000000000013e-01
5.833500000000000000e+04 2.367987999999999982e+00 4.357409999999999894e-01
7.503900000000000000e+04 7.686054000000000386e+00 1.381455000000000100e+00
4.287800000000000000e+04 1.146487899999999982e+01 1.481589000000000045e+00
4.277000000000000000e+04 1.107573499999999989e+01 8.972600000000000020e-02
8.848000000000000000e+03 3.543988999999999834e+00 3.458530000000000215e-01
3.134000000000000000e+04 8.123889000000000138e+00 1.282880000000000020e+00
4.141300000000000000e+04 4.331769000000000425e+00 7.544669999999999987e-01
1.273100000000000000e+04 1.208650000000000002e-01 1.211961000000000066e+00
2.244700000000000000e+04 6.116108999999999796e+00 7.015230000000000077e-01
3.356400000000000000e+04 7.474534000000000233e+00 5.057899999999999618e-01
4.890700000000000000e+04 8.819454000000000349e+00 6.492919999999999803e-01
8.762000000000000000e+03 6.802144000000000190e+00 6.152840000000000531e-01
4.669600000000000000e+04 1.266632500000000050e+01 9.319600000000000106e-01
3.685100000000000000e+04 8.636179999999999524e+00 3.993329999999999935e-01
6.763900000000000000e+04 1.173099099999999950e+01 1.289833000000000007e+00
1.710000000000000000e+02 8.132448999999999373e+00 3.906199999999999950e-02
2.667400000000000000e+04 1.029658900000000088e+01 1.496143999999999918e+00
8.739000000000000000e+03 7.583905999999999814e+00 1.005764000000000102e+00
6.666800000000000000e+04 9.777805999999999997e+00 4.963770000000000127e-01
6.873200000000000000e+04 8.833546000000000120e+00 5.138759999999999994e-01
6.999500000000000000e+04 4.907898999999999567e+00 1.518035999999999941e+00
8.200800000000000000e+04 8.362735999999999947e+00 1.285938999999999943e+00
2.505400000000000000e+04 9.084725999999999857e+00 1.606311999999999962e+00
3.308500000000000000e+04 1.416414100000000076e+01 5.609699999999999687e-01
4.137900000000000000e+04 9.080683000000000504e+00 9.899200000000000221e-01
3.941700000000000000e+04 6.522766999999999982e+00 3.854799999999999893e-02
1.255600000000000000e+04 3.690341999999999789e+00 4.622809999999999975e-01
3.943200000000000000e+04 3.563705999999999818e+00 2.420190000000000119e-01
3.801000000000000000e+04 1.065870000000000095e+00 1.141569000000000056e+00
6.930600000000000000e+04 6.683796000000000070e+00 1.456317000000000084e+00
3.800000000000000000e+04 1.712874000000000008e+00 2.439449999999999952e-01
4.632100000000000000e+04 1.310992899999999928e+01 1.280110999999999999e+00
6.629300000000000000e+04 1.132790999999999926e+01 7.809770000000000323e-01
2.273000000000000000e+04 4.545710999999999835e+00 1.233254000000000072e+00
5.952000000000000000e+03 3.367888999999999911e+00 4.681040000000000201e-01
7.230800000000000000e+04 8.326223999999999847e+00 5.673470000000000457e-01
6.033800000000000000e+04 8.978339000000000070e+00 1.442034000000000038e+00
1.330100000000000000e+04 5.655826000000000242e+00 1.582159000000000093e+00
2.788400000000000000e+04 8.855311999999999628e+00 5.706839999999999691e-01
1.118800000000000000e+04 6.649568000000000367e+00 5.442329999999999668e-01
5.679600000000000000e+04 3.966324999999999878e+00 8.504099999999999993e-01
8.571000000000000000e+03 1.924045000000000005e+00 1.664781999999999984e+00
4.914000000000000000e+03 6.004812000000000261e+00 2.803689999999999793e-01
1.078400000000000000e+04 0.000000000000000000e+00 3.758489999999999887e-01
3.929600000000000000e+04 9.923018000000000782e+00 9.219199999999999617e-02
1.311300000000000000e+04 2.389083999999999985e+00 1.192840000000000011e-01
7.020400000000000000e+04 1.366318899999999914e+01 1.332510000000000083e-01
4.681300000000000000e+04 1.143497600000000070e+01 3.212160000000000015e-01
1.169700000000000000e+04 3.582699999999999774e-01 1.292858000000000063e+00
4.418300000000000000e+04 9.598872999999999323e+00 2.235240000000000005e-01
2.225000000000000000e+03 6.375275000000000247e+00 6.080400000000000249e-01
2.906600000000000000e+04 1.158053199999999983e+01 4.584010000000000029e-01
4.245000000000000000e+03 5.319323999999999941e+00 1.598070000000000102e+00
3.437900000000000000e+04 4.324030999999999736e+00 1.603480999999999934e+00
4.444100000000000000e+04 2.358369999999999855e+00 1.273204000000000002e+00
2.022000000000000000e+03 0.000000000000000000e+00 1.182708000000000093e+00
2.686600000000000000e+04 1.282437600000000089e+01 8.904109999999999525e-01
5.707000000000000000e+04 1.587247000000000074e+00 1.456981999999999999e+00
3.293200000000000000e+04 8.510324000000000666e+00 1.520683000000000007e+00
5.196700000000000000e+04 1.042888400000000004e+01 1.187734000000000067e+00
4.443200000000000000e+04 8.346617999999999427e+00 4.231800000000000145e-02
6.706600000000000000e+04 7.541444000000000258e+00 8.092260000000000009e-01
1.726200000000000000e+04 2.540945999999999927e+00 1.583285999999999971e+00
7.972800000000000000e+04 9.473046999999999329e+00 6.925130000000000452e-01
1.425900000000000000e+04 3.522839999999999860e-01 4.740800000000000014e-01
6.122000000000000000e+03 0.000000000000000000e+00 5.898259999999999614e-01
7.687900000000000000e+04 1.240517099999999928e+01 5.672009999999999552e-01
1.142600000000000000e+04 4.126775000000000304e+00 8.714520000000000044e-01
2.493000000000000000e+03 3.408699999999999924e-02 3.358479999999999799e-01
1.991000000000000000e+04 1.177634000000000070e+00 7.510600000000000609e-02
1.093900000000000000e+04 0.000000000000000000e+00 4.799959999999999782e-01
1.771600000000000000e+04 9.949090000000000433e-01 6.111349999999999838e-01
3.139000000000000000e+04 1.105366399999999949e+01 1.180117000000000083e+00
2.037500000000000000e+04 0.000000000000000000e+00 1.679729000000000028e+00
2.630900000000000000e+04 2.495010999999999868e+00 1.459589000000000025e+00
3.348400000000000000e+04 1.151683099999999982e+01 1.155999999999999910e-03
4.594400000000000000e+04 9.213214999999999932e+00 7.977429999999999799e-01
4.249000000000000000e+03 5.332864999999999966e+00 1.092879999999999963e-01
6.089000000000000000e+03 0.000000000000000000e+00 1.689770999999999912e+00
7.513000000000000000e+03 0.000000000000000000e+00 1.126052999999999971e+00
2.786200000000000000e+04 1.264006200000000035e+01 1.690903000000000045e+00
3.903800000000000000e+04 2.693141999999999925e+00 1.317517999999999967e+00
1.921800000000000000e+04 3.328968999999999845e+00 2.682709999999999817e-01
6.291100000000000000e+04 7.193165999999999727e+00 1.117456000000000005e+00
7.775800000000000000e+04 6.615511999999999837e+00 1.521012000000000031e+00
2.794000000000000000e+04 8.000567000000000206e+00 8.353410000000000002e-01
2.194000000000000000e+03 4.017540999999999585e+00 5.121040000000000036e-01
3.707200000000000000e+04 1.324585899999999938e+01 9.274649999999999839e-01
1.558500000000000000e+04 5.970615999999999701e+00 8.136240000000000139e-01
2.557700000000000000e+04 1.166871899999999940e+01 8.869019999999999682e-01
8.777000000000000000e+03 4.283236999999999739e+00 1.272728000000000081e+00
2.901600000000000000e+04 1.074296299999999960e+01 9.714009999999999589e-01
2.191000000000000000e+04 1.232667200000000030e+01 1.592608000000000024e+00
1.291600000000000000e+04 0.000000000000000000e+00 3.446219999999999839e-01
1.097600000000000000e+04 0.000000000000000000e+00 9.228460000000000552e-01
7.906500000000000000e+04 1.060209500000000027e+01 5.736860000000000293e-01
3.675900000000000000e+04 1.086185900000000082e+01 1.155054000000000025e+00
5.001100000000000000e+04 1.229093999999999909e+00 1.638689999999999980e+00
1.155000000000000000e+03 4.103919999999999790e-01 1.313401000000000041e+00
7.160000000000000000e+04 1.455271100000000040e+01 6.161619999999999875e-01
3.081700000000000000e+04 1.417804300000000062e+01 6.163129999999999997e-01
5.455900000000000000e+04 1.413626000000000005e+01 3.623879999999999879e-01
2.976400000000000000e+04 9.353400000000000603e-02 1.207194000000000100e+00
6.910000000000000000e+04 1.092902100000000054e+01 4.031100000000000239e-01
4.732400000000000000e+04 1.143291900000000005e+01 8.259589999999999987e-01
7.319900000000000000e+04 9.134527000000000285e+00 5.868459999999999788e-01
4.446100000000000000e+04 5.071431999999999718e+00 1.421419999999999906e+00
4.561700000000000000e+04 1.146025400000000083e+01 1.541749000000000036e+00
2.822100000000000000e+04 1.162003900000000023e+01 1.103553000000000006e+00
7.091000000000000000e+03 4.022078999999999738e+00 2.073069999999999913e-01
6.110000000000000000e+03 3.057841999999999949e+00 1.631261999999999990e+00
7.901600000000000000e+04 7.782168999999999670e+00 4.043849999999999945e-01
1.828900000000000000e+04 7.981741000000000419e+00 9.297889999999999766e-01
4.367900000000000000e+04 4.601363000000000092e+00 2.683260000000000089e-01
2.207500000000000000e+04 2.595563999999999982e+00 1.115375000000000005e+00
2.353500000000000000e+04 1.004907700000000048e+01 3.910449999999999759e-01
2.530100000000000000e+04 3.265444000000000013e+00 1.572969999999999979e+00
3.225600000000000000e+04 1.178028199999999970e+01 1.511014000000000079e+00
3.695100000000000000e+04 3.075975000000000126e+00 2.862839999999999829e-01
3.129000000000000000e+04 1.795306999999999986e+00 1.943429999999999880e-01
3.895300000000000000e+04 1.110697900000000082e+01 2.024150000000000116e-01
3.525700000000000000e+04 5.994412999999999769e+00 8.000209999999999821e-01
2.584700000000000000e+04 9.706061999999999301e+00 1.012181999999999915e+00
3.268000000000000000e+04 1.058299200000000084e+01 8.360250000000000181e-01
6.201800000000000000e+04 7.038266000000000133e+00 1.458979000000000026e+00
9.074000000000000000e+03 2.377100000000000046e-02 1.531399999999999949e-02
3.300400000000000000e+04 1.282398200000000088e+01 6.763710000000000555e-01
4.458800000000000000e+04 3.617770000000000152e+00 4.934830000000000050e-01
3.256500000000000000e+04 8.346683999999999770e+00 2.533170000000000144e-01
3.856300000000000000e+04 6.104316999999999993e+00 9.920700000000000351e-02
7.566800000000000000e+04 1.620777599999999907e+01 5.849729999999999652e-01
9.069000000000000000e+03 6.401969000000000243e+00 1.691872999999999960e+00
5.339500000000000000e+04 2.298696000000000073e+00 5.597569999999999490e-01
2.863100000000000000e+04 7.661514999999999631e+00 5.598100000000000298e-02
7.103600000000000000e+04 6.353608000000000366e+00 1.645300999999999902e+00
7.114200000000000000e+04 1.044278000000000084e+01 3.358700000000000019e-01
3.765300000000000000e+04 3.834509000000000167e+00 1.346120999999999901e+00
7.683900000000000000e+04 1.099858700000000056e+01 5.845550000000000468e-01
9.916000000000000000e+03 2.695934999999999970e+00 1.512110999999999983e+00
3.888900000000000000e+04 3.356646000000000019e+00 3.242300000000000182e-01
3.907500000000000000e+04 1.467783599999999922e+01 7.931829999999999714e-01
4.807100000000000000e+04 1.551933999999999925e+00 1.309019999999999906e-01
7.275000000000000000e+03 2.464738999999999791e+00 2.235020000000000062e-01
4.180400000000000000e+04 1.533215999999999912e+00 1.007481000000000071e+00
3.566500000000000000e+04 1.247392100000000070e+01 1.629099999999999993e-01
6.795600000000000000e+04 6.491596000000000366e+00 3.257600000000000079e-02
4.189200000000000000e+04 1.050627599999999973e+01 1.510747000000000062e+00
3.884400000000000000e+04 4.380387999999999948e+00 7.485060000000000047e-01
7.419700000000000000e+04 1.367098799999999947e+01 1.687944000000000111e+00
1.420100000000000000e+04 8.317598999999999521e+00 3.904090000000000060e-01
3.908000000000000000e+03 0.000000000000000000e+00 5.562449999999999894e-01
2.459000000000000000e+03 0.000000000000000000e+00 2.902179999999999760e-01
3.202700000000000000e+04 1.009579899999999952e+01 1.188147999999999982e+00
1.287000000000000000e+04 8.606949999999999878e-01 1.482631999999999950e+00
9.880000000000000000e+03 1.557563999999999949e+00 7.112779999999999658e-01
7.278400000000000000e+04 1.007277900000000059e+01 7.560299999999999798e-01
1.752100000000000000e+04 0.000000000000000000e+00 4.314680000000000182e-01
5.028300000000000000e+04 7.140817000000000192e+00 8.838129999999999598e-01
3.353600000000000000e+04 1.138454800000000056e+01 1.438307000000000002e+00
9.452000000000000000e+03 3.214567999999999870e+00 1.083536000000000055e+00
3.745700000000000000e+04 1.172065500000000071e+01 3.016360000000000152e-01
1.772400000000000000e+04 6.374475000000000335e+00 1.475924999999999931e+00
4.386900000000000000e+04 5.749684000000000239e+00 1.988749999999999962e-01
2.640000000000000000e+02 3.871808000000000138e+00 5.526020000000000376e-01
2.573600000000000000e+04 8.336308999999999969e+00 6.362379999999999702e-01
3.958400000000000000e+04 9.710442000000000462e+00 1.503735000000000044e+00
3.124600000000000000e+04 1.532610999999999946e+00 1.433897999999999895e+00
4.956700000000000000e+04 9.785785000000000622e+00 9.846139999999999892e-01
7.052000000000000000e+03 2.633627000000000162e+00 1.097866000000000009e+00
3.549300000000000000e+04 9.238934999999999675e+00 4.947010000000000018e-01
1.098600000000000000e+04 1.205656000000000061e+00 1.398803000000000019e+00
4.950800000000000000e+04 3.124909000000000159e+00 1.670120999999999967e+00
5.734000000000000000e+03 7.935488999999999571e+00 1.585043999999999897e+00
6.547900000000000000e+04 1.274663600000000052e+01 1.560351999999999961e+00
7.726800000000000000e+04 1.073256300000000074e+01 5.453209999999999447e-01
2.849000000000000000e+04 3.977402999999999800e+00 7.661029999999999784e-01
1.354600000000000000e+04 4.194425999999999988e+00 4.506629999999999803e-01
3.716600000000000000e+04 9.610286000000000328e+00 1.429120000000000112e-01
1.638100000000000000e+04 4.797555000000000014e+00 1.260455000000000103e+00
1.084800000000000000e+04 1.615278999999999909e+00 9.300200000000000133e-02
3.540500000000000000e+04 4.614771000000000178e+00 1.027104999999999935e+00
1.591700000000000000e+04 0.000000000000000000e+00 1.369725999999999999e+00
6.131000000000000000e+03 6.084570000000000256e-01 5.122200000000000086e-01
6.743200000000000000e+04 6.558239000000000374e+00 6.675790000000000335e-01
3.035400000000000000e+04 1.231511599999999973e+01 1.970679999999999932e-01
6.969600000000000000e+04 7.014973000000000347e+00 1.494615999999999945e+00
3.348100000000000000e+04 8.822304000000000812e+00 1.194177000000000044e+00
4.307500000000000000e+04 1.008679599999999965e+01 5.704550000000000454e-01
3.834300000000000000e+04 7.241614000000000217e+00 1.661626999999999965e+00
1.431800000000000000e+04 4.602394999999999570e+00 1.511768000000000001e+00
5.367000000000000000e+03 7.434921000000000113e+00 7.979200000000000181e-02
3.789400000000000000e+04 1.046757000000000026e+01 1.595418000000000003e+00
3.617200000000000000e+04 9.948126999999999498e+00 3.663000000000000023e-03
4.012300000000000000e+04 2.478528999999999982e+00 1.568986999999999910e+00
1.097600000000000000e+04 5.938545000000000407e+00 8.785399999999999876e-01
1.270500000000000000e+04 0.000000000000000000e+00 9.480039999999999578e-01
1.249500000000000000e+04 5.559180999999999706e+00 1.357925999999999966e+00
3.568100000000000000e+04 9.776654000000000622e+00 5.359660000000000535e-01
4.620200000000000000e+04 3.092055999999999916e+00 4.909060000000000090e-01
1.150500000000000000e+04 0.000000000000000000e+00 1.623310999999999948e+00
2.283400000000000000e+04 4.459495000000000431e+00 5.388669999999999849e-01
4.990100000000000000e+04 8.334305999999999770e+00 1.646600000000000064e+00
7.193200000000000000e+04 1.122665399999999991e+01 3.846859999999999724e-01
1.327900000000000000e+04 3.904736999999999902e+00 1.597293999999999992e+00
4.911200000000000000e+04 7.038204999999999600e+00 1.211329000000000100e+00
7.712900000000000000e+04 9.836119999999999308e+00 1.054340000000000055e+00
3.744700000000000000e+04 1.990976000000000079e+00 3.780810000000000004e-01
6.239700000000000000e+04 9.005302000000000362e+00 4.853850000000000109e-01
0.000000000000000000e+00 1.772510000000000030e+00 1.039873000000000047e+00
1.547600000000000000e+04 4.586740000000000261e-01 8.195599999999999552e-01
4.062500000000000000e+04 1.000391899999999978e+01 2.316580000000000028e-01
3.670600000000000000e+04 5.208070000000000199e-01 1.476007999999999987e+00
2.858000000000000000e+04 1.067821400000000054e+01 1.431837000000000026e+00
2.586200000000000000e+04 4.425991999999999926e+00 1.363841999999999999e+00
6.348800000000000000e+04 1.203535499999999914e+01 8.312220000000000164e-01
3.394400000000000000e+04 1.060673199999999916e+01 1.253857999999999917e+00
3.009900000000000000e+04 1.568653000000000075e+00 6.842639999999999834e-01
1.372500000000000000e+04 2.545434000000000196e+00 2.427100000000000091e-02
3.676800000000000000e+04 1.026406199999999913e+01 9.825930000000000497e-01
6.465600000000000000e+04 9.866275999999999158e+00 6.852179999999999938e-01
1.492700000000000000e+04 1.427039999999999975e-01 5.745499999999999913e-02
4.323100000000000000e+04 9.853270000000000195e+00 1.521431999999999896e+00
6.608700000000000000e+04 6.596604000000000134e+00 1.653574000000000099e+00
1.980600000000000000e+04 2.602287000000000017e+00 1.321480999999999906e+00
4.108100000000000000e+04 1.041177599999999970e+01 6.641679999999999806e-01
1.027700000000000000e+04 7.083448999999999884e+00 6.225889999999999480e-01
7.014000000000000000e+03 2.080067999999999806e+00 1.254440999999999917e+00
1.727500000000000000e+04 5.228439999999999754e-01 1.622457999999999956e+00
3.160000000000000000e+04 1.036200000000000010e+01 1.544826999999999950e+00
5.995600000000000000e+04 3.412967000000000084e+00 1.035409999999999942e+00
4.218100000000000000e+04 6.796547999999999590e+00 1.112152999999999947e+00
5.174300000000000000e+04 4.092035000000000089e+00 7.580399999999999638e-02
5.194000000000000000e+03 2.763811000000000018e+00 1.564324999999999966e+00
3.083200000000000000e+04 1.254743900000000068e+01 1.402443000000000106e+00
7.976000000000000000e+03 5.708052000000000348e+00 1.596152000000000015e+00
1.460200000000000000e+04 4.558024999999999771e+00 3.758059999999999734e-01
4.157100000000000000e+04 1.164230700000000063e+01 4.385530000000000261e-01
5.502800000000000000e+04 3.222443000000000168e+00 1.213990000000000069e-01
5.837000000000000000e+03 4.736156000000000255e+00 2.987100000000000172e-02
3.980800000000000000e+04 1.083952599999999933e+01 8.363230000000000386e-01
2.094400000000000000e+04 4.194791000000000381e+00 2.354829999999999979e-01
2.214600000000000000e+04 1.493625899999999973e+01 8.885819999999999830e-01
4.216900000000000000e+04 3.310699000000000058e+00 1.521854999999999958e+00
7.010000000000000000e+03 2.971931000000000100e+00 3.432099999999999734e-02
3.807000000000000000e+03 9.261666999999999206e+00 5.378070000000000350e-01
2.924100000000000000e+04 7.791832999999999565e+00 1.111415999999999960e+00
5.269600000000000000e+04 1.480469999999999953e+00 1.028750000000000053e+00
4.254500000000000000e+04 3.677287000000000194e+00 2.441669999999999952e-01
2.443700000000000000e+04 2.202967000000000120e+00 1.370398999999999923e+00
1.603700000000000000e+04 5.796734999999999971e+00 9.358929999999999749e-01
8.493000000000000000e+03 3.063333000000000084e+00 1.440889999999999949e-01
6.808000000000000000e+04 1.123309399999999947e+01 4.924870000000000081e-01
5.901600000000000000e+04 1.965570000000000039e+00 5.696999999999999807e-03
1.181000000000000000e+04 8.616718999999999795e+00 1.374190000000000134e-01
6.863000000000000000e+04 6.609988999999999670e+00 1.083504999999999940e+00
7.629000000000000000e+03 1.712639000000000022e+00 1.086297000000000068e+00
7.199200000000000000e+04 1.011744500000000002e+01 1.299318999999999891e+00
1.339800000000000000e+04 0.000000000000000000e+00 1.104178000000000104e+00
2.624100000000000000e+04 9.824776999999999205e+00 1.346821000000000046e+00
1.116000000000000000e+04 1.653089000000000031e+00 9.809489999999999599e-01
7.670100000000000000e+04 1.817882200000000026e+01 1.473670999999999953e+00
3.217400000000000000e+04 6.781126000000000431e+00 8.853400000000000158e-01
4.504300000000000000e+04 8.206749999999999545e+00 1.549223000000000017e+00
4.217300000000000000e+04 1.008185300000000062e+01 1.376745000000000108e+00
6.980100000000000000e+04 6.288742000000000054e+00 1.127989999999999965e-01
4.173700000000000000e+04 3.695936999999999806e+00 1.543589000000000100e+00
4.697900000000000000e+04 6.726150999999999769e+00 1.069379999999999997e+00
7.926700000000000000e+04 1.296999899999999961e+01 1.568222999999999923e+00
4.615000000000000000e+03 2.661389999999999922e+00 1.531932999999999989e+00
3.290700000000000000e+04 7.072764000000000273e+00 1.117385999999999990e+00
3.744400000000000000e+04 9.123366000000000753e+00 1.318988000000000049e+00
5.690000000000000000e+02 3.743946000000000218e+00 1.039546000000000081e+00
8.723000000000000000e+03 2.341299999999999937e+00 2.193610000000000004e-01
6.024000000000000000e+03 5.419129999999999781e-01 5.923479999999999857e-01
5.225200000000000000e+04 2.310827999999999882e+00 1.436752999999999947e+00
8.358000000000000000e+03 6.226596999999999937e+00 1.427316000000000029e+00
2.616600000000000000e+04 7.277876000000000012e+00 4.892520000000000202e-01
1.847100000000000000e+04 0.000000000000000000e+00 3.894589999999999996e-01
3.386000000000000000e+03 7.218220999999999776e+00 1.098827999999999916e+00
4.154400000000000000e+04 8.777129000000000403e+00 1.111464000000000008e+00
1.048000000000000000e+04 2.813428000000000040e+00 8.194190000000000085e-01
5.894000000000000000e+03 2.268765999999999838e+00 1.412130000000000107e+00
7.273000000000000000e+03 6.283627000000000073e+00 5.712920000000000220e-01
2.227200000000000000e+04 7.520081000000000238e+00 1.626867999999999981e+00
3.136900000000000000e+04 1.173922499999999935e+01 2.713799999999999893e-02
1.070800000000000000e+04 3.746882999999999964e+00 8.773499999999999632e-01
6.936400000000000000e+04 1.208983500000000078e+01 5.216309999999999558e-01
3.776000000000000000e+04 1.231040400000000012e+01 2.593389999999999862e-01
1.300400000000000000e+04 0.000000000000000000e+00 6.713550000000000351e-01
3.788500000000000000e+04 2.728800000000000114e+00 3.315020000000000189e-01
5.255500000000000000e+04 1.081434199999999990e+01 6.076519999999999699e-01
3.899700000000000000e+04 1.217026800000000009e+01 8.442049999999999832e-01
6.969800000000000000e+04 6.698370999999999853e+00 2.400839999999999919e-01
1.178300000000000000e+04 3.632671999999999901e+00 1.643478999999999912e+00
4.763600000000000000e+04 1.005999100000000013e+01 8.923609999999999598e-01
1.574400000000000000e+04 1.887674000000000074e+00 7.561620000000000008e-01
6.905800000000000000e+04 8.229124999999999801e+00 1.958860000000000046e-01
3.305700000000000000e+04 7.817082000000000086e+00 4.761020000000000252e-01
2.868100000000000000e+04 1.227722999999999942e+01 7.680499999999999827e-02
3.404200000000000000e+04 1.005533699999999975e+01 1.115777999999999937e+00
2.992800000000000000e+04 3.596001999999999921e+00 1.485951999999999940e+00
9.734000000000000000e+03 2.755529999999999813e+00 1.420655000000000001e+00
7.344000000000000000e+03 7.780991000000000213e+00 5.130479999999999485e-01
7.387000000000000000e+03 9.370499999999999663e-02 3.918340000000000156e-01
3.395700000000000000e+04 8.481567000000000078e+00 5.200780000000000403e-01
9.936000000000000000e+03 3.865584000000000131e+00 1.100619999999999932e-01
3.609400000000000000e+04 9.683709000000000344e+00 7.799840000000000106e-01
3.983500000000000000e+04 1.061725500000000011e+01 1.359969999999999901e+00
6.448600000000000000e+04 7.203216000000000285e+00 1.624762000000000040e+00
0.000000000000000000e+00 7.601414000000000115e+00 1.215605000000000047e+00
3.953900000000000000e+04 1.386106999999999978e+00 1.417070000000000052e+00
6.697200000000000000e+04 9.129253000000000284e+00 5.940889999999999782e-01
1.502900000000000000e+04 1.363447000000000076e+00 6.208409999999999762e-01
4.490900000000000000e+04 3.181398999999999866e+00 3.593290000000000095e-01
3.818300000000000000e+04 1.336541399999999946e+01 2.170110000000000094e-01
3.737200000000000000e+04 4.207716999999999707e+00 1.289767000000000108e+00
0.000000000000000000e+00 4.088395000000000223e+00 8.700750000000000428e-01
1.778600000000000000e+04 3.327370999999999857e+00 1.142505000000000104e+00
3.905500000000000000e+04 1.303323000000000009e+00 1.235649999999999915e+00
3.704500000000000000e+04 7.999278999999999584e+00 1.581763000000000030e+00
6.435000000000000000e+03 2.217487999999999904e+00 8.645359999999999712e-01
7.226500000000000000e+04 7.751807999999999588e+00 1.924510000000000109e-01
2.815200000000000000e+04 1.414930500000000002e+01 1.591531999999999947e+00
2.593100000000000000e+04 8.765720999999999208e+00 1.528079999999999994e-01
7.538000000000000000e+03 3.408996000000000137e+00 1.848960000000000048e-01
1.315000000000000000e+03 1.251020999999999939e+00 1.123399999999999954e-01
1.229200000000000000e+04 6.160618999999999623e+00 1.537164999999999893e+00
4.924800000000000000e+04 1.034537999999999958e+00 1.585161999999999960e+00
9.025000000000000000e+03 0.000000000000000000e+00 1.034634999999999971e+00
1.343800000000000000e+04 2.355051000000000005e+00 5.426029999999999465e-01
6.968300000000000000e+04 6.614543000000000283e+00 1.537709999999999910e-01
2.537400000000000000e+04 1.024506200000000078e+01 1.450903000000000054e+00
5.526400000000000000e+04 3.467074000000000211e+00 1.231019000000000085e+00
3.832400000000000000e+04 7.487677999999999834e+00 1.572292999999999941e+00
6.964300000000000000e+04 4.624114999999999753e+00 1.185192000000000023e+00
4.405800000000000000e+04 8.995957000000000647e+00 1.436479000000000061e+00
4.131600000000000000e+04 1.156447600000000087e+01 7.195000000000000007e-03
2.911900000000000000e+04 3.440948000000000118e+00 7.833099999999999785e-02
5.165600000000000000e+04 1.673602999999999952e+00 7.327460000000000084e-01
3.030000000000000000e+03 4.719341000000000008e+00 6.997550000000000159e-01
3.569500000000000000e+04 1.030479799999999990e+01 1.576487999999999889e+00
1.537000000000000000e+03 2.086914999999999853e+00 1.199311999999999934e+00
9.083000000000000000e+03 6.338219999999999743e+00 1.131305000000000005e+00
4.774400000000000000e+04 8.254925999999999320e+00 7.106940000000000479e-01
7.137200000000000000e+04 1.606710800000000106e+01 9.741419999999999524e-01
3.798000000000000000e+04 1.723200999999999983e+00 3.104879999999999862e-01
4.238500000000000000e+04 3.785045000000000215e+00 8.769040000000000168e-01
2.268700000000000000e+04 2.557561000000000195e+00 1.237380000000000008e-01
3.951200000000000000e+04 9.852220000000000866e+00 1.095170999999999895e+00
1.188500000000000000e+04 3.679146999999999945e+00 1.557204999999999950e+00
4.944000000000000000e+03 9.789680999999999855e+00 8.529710000000000347e-01
7.323000000000000000e+04 1.495899799999999935e+01 5.267070000000000363e-01
1.758500000000000000e+04 1.118214799999999975e+01 1.288459000000000021e+00
6.873700000000000000e+04 7.528533000000000364e+00 1.657486999999999933e+00
1.381800000000000000e+04 5.253802000000000305e+00 1.378603000000000023e+00
3.166200000000000000e+04 1.394675200000000004e+01 1.426657000000000064e+00
8.668600000000000000e+04 1.555726300000000073e+01 1.430028999999999995e+00
4.321400000000000000e+04 1.248354999999999926e+01 6.885130000000000416e-01
2.409100000000000000e+04 2.317302000000000195e+00 1.411137000000000086e+00
5.254400000000000000e+04 1.006972400000000079e+01 7.661189999999999944e-01
6.186100000000000000e+04 5.792231000000000130e+00 1.615483000000000002e+00
4.790300000000000000e+04 4.138435000000000308e+00 4.759939999999999727e-01
3.719000000000000000e+04 1.292951700000000059e+01 3.043779999999999819e-01
6.013000000000000000e+03 9.378237999999999630e+00 3.073919999999999986e-01
2.722300000000000000e+04 8.361361999999999739e+00 1.643204000000000109e+00
6.902700000000000000e+04 7.939405999999999963e+00 1.325042000000000053e+00
7.864200000000000000e+04 1.073538399999999982e+01 7.057879999999999709e-01
3.025400000000000000e+04 1.159272299999999944e+01 2.861879999999999979e-01
2.170400000000000000e+04 1.009835600000000078e+01 7.047480000000000411e-01
3.498500000000000000e+04 9.299025000000000318e+00 5.453369999999999607e-01
3.131600000000000000e+04 1.115829699999999924e+01 2.180670000000000108e-01
7.636800000000000000e+04 1.614389999999999858e+01 5.583879999999999955e-01
2.795300000000000000e+04 1.097170000000000023e+01 1.221786999999999956e+00
1.520000000000000000e+02 0.000000000000000000e+00 6.814780000000000282e-01
9.146000000000000000e+03 3.178961000000000148e+00 1.292691999999999952e+00
7.534600000000000000e+04 1.762535000000000096e+01 3.399260000000000059e-01
2.637600000000000000e+04 1.995832999999999968e+00 2.678260000000000085e-01
3.525500000000000000e+04 1.064046699999999923e+01 4.161810000000000231e-01
1.919800000000000000e+04 9.628339000000000425e+00 9.854619999999999491e-01
1.251800000000000000e+04 4.662664000000000364e+00 4.954029999999999823e-01
2.545300000000000000e+04 5.754046999999999912e+00 1.382741999999999916e+00
1.253000000000000000e+04 0.000000000000000000e+00 3.714599999999999846e-02
6.223000000000000000e+04 9.334331999999999852e+00 1.981179999999999886e-01
9.517000000000000000e+03 3.846162000000000081e+00 6.199679999999999636e-01
7.116100000000000000e+04 1.068508399999999980e+01 6.781789999999999763e-01
1.593000000000000000e+03 4.752133999999999858e+00 3.592049999999999965e-01
3.379400000000000000e+04 6.976299999999999724e-01 9.667860000000000342e-01
3.971000000000000000e+04 1.036583599999999983e+01 5.058979999999999588e-01
1.694100000000000000e+04 4.614779999999999993e-01 3.528649999999999842e-01
6.920900000000000000e+04 1.133953699999999998e+01 1.068740000000000023e+00
4.446000000000000000e+03 5.420279999999999987e+00 1.273100000000000065e-01
9.347000000000000000e+03 3.469955000000000123e+00 1.619947000000000026e+00
5.563500000000000000e+04 8.517067000000000832e+00 9.948580000000000201e-01
6.588900000000000000e+04 8.306511999999999674e+00 4.136900000000000022e-01
1.075300000000000000e+04 2.628690000000000193e+00 4.443199999999999927e-01
7.055000000000000000e+03 0.000000000000000000e+00 8.029849999999999488e-01
7.905000000000000000e+03 0.000000000000000000e+00 1.170396999999999910e+00
5.344700000000000000e+04 7.298766999999999783e+00 1.582346000000000030e+00
9.194000000000000000e+03 7.331318999999999697e+00 1.277987999999999902e+00
6.191400000000000000e+04 9.392269000000000645e+00 1.516170000000000018e-01
1.563000000000000000e+04 5.541201000000000043e+00 1.180595999999999979e+00
7.919400000000000000e+04 1.514945999999999948e+01 5.375400000000000178e-01
1.226800000000000000e+04 5.515189000000000341e+00 2.505620000000000069e-01
3.368200000000000000e+04 7.728898000000000046e+00 9.204940000000000344e-01
2.608000000000000000e+04 1.131878500000000010e+01 1.510979000000000072e+00
1.911900000000000000e+04 3.574708999999999914e+00 1.531514000000000042e+00
3.090200000000000000e+04 7.350965000000000416e+00 2.633200000000000124e-02
6.303900000000000000e+04 7.122363000000000000e+00 1.630176999999999987e+00
5.113600000000000000e+04 1.828411999999999926e+00 1.013702000000000103e+00
3.526200000000000000e+04 1.011798899999999968e+01 1.156862000000000057e+00
4.277600000000000000e+04 1.130989699999999942e+01 8.629100000000000659e-02
6.419100000000000000e+04 8.342033999999999949e+00 1.388568999999999942e+00
1.543600000000000000e+04 2.417140000000000122e-01 7.155770000000000186e-01
1.440200000000000000e+04 1.048261899999999969e+01 1.694971999999999923e+00
6.341000000000000000e+03 9.289509999999999934e+00 1.428879000000000010e+00
1.411300000000000000e+04 4.269419000000000075e+00 1.341809999999999947e-01
6.390000000000000000e+03 0.000000000000000000e+00 1.894560000000000133e-01
8.794000000000000000e+03 8.171190000000000397e-01 1.436679999999999902e-01
4.343200000000000000e+04 1.508394000000000013e+00 6.526509999999999811e-01
3.833400000000000000e+04 9.359918000000000404e+00 5.226200000000000290e-02
3.406800000000000000e+04 1.005233300000000085e+01 5.504229999999999956e-01
3.081900000000000000e+04 1.111166000000000054e+01 9.891590000000000105e-01
2.223900000000000000e+04 1.126597100000000040e+01 7.240539999999999754e-01
2.872500000000000000e+04 1.038382999999999967e+01 2.548360000000000070e-01
5.707100000000000000e+04 3.878569000000000155e+00 1.377982999999999958e+00
7.242000000000000000e+04 1.367923700000000053e+01 2.534600000000000047e-02
2.829400000000000000e+04 1.052684600000000081e+01 7.815689999999999582e-01
9.896000000000000000e+03 0.000000000000000000e+00 9.241979999999999640e-01
6.582100000000000000e+04 4.106727000000000238e+00 1.085668999999999995e+00
7.645000000000000000e+03 8.118855999999999185e+00 1.470685999999999938e+00
7.128900000000000000e+04 7.796873999999999860e+00 5.233600000000000058e-02
5.128000000000000000e+03 2.789668999999999954e+00 1.093069999999999986e+00
1.371100000000000000e+04 6.226962000000000330e+00 2.872509999999999786e-01
2.224000000000000000e+04 1.016954800000000070e+01 1.660104000000000024e+00
1.509200000000000000e+04 0.000000000000000000e+00 1.370549000000000017e+00
5.017000000000000000e+03 7.513353000000000392e+00 1.373479999999999979e-01
1.014100000000000000e+04 8.240793000000000035e+00 9.973500000000000421e-02
3.557000000000000000e+04 1.461279700000000048e+01 1.247389999999999999e+00
4.689300000000000000e+04 3.562975999999999921e+00 4.453860000000000041e-01
8.178000000000000000e+03 3.230481999999999854e+00 1.331698000000000048e+00
5.578300000000000000e+04 3.612547999999999870e+00 1.551911000000000040e+00
1.148000000000000000e+03 0.000000000000000000e+00 3.323650000000000215e-01
1.006200000000000000e+04 3.931299000000000099e+00 4.875769999999999826e-01
7.412400000000000000e+04 1.475234200000000051e+01 1.155159999999999965e+00
6.660300000000000000e+04 1.026188699999999976e+01 1.628085000000000004e+00
1.189300000000000000e+04 2.787265999999999799e+00 1.570402000000000076e+00
5.090800000000000000e+04 1.511231899999999939e+01 1.324132000000000087e+00
3.989100000000000000e+04 5.184553000000000189e+00 2.233819999999999972e-01
6.591500000000000000e+04 3.868358999999999881e+00 1.280779999999999974e-01
6.567800000000000000e+04 3.507965000000000000e+00 2.890399999999999914e-02
6.299600000000000000e+04 1.101925400000000010e+01 4.275539999999999896e-01
3.685100000000000000e+04 3.812387000000000192e+00 6.552449999999999664e-01
3.666900000000000000e+04 1.105678400000000039e+01 3.787249999999999783e-01
3.887600000000000000e+04 8.826879999999999171e+00 1.002328000000000108e+00
2.687800000000000000e+04 1.117386100000000049e+01 1.478243999999999891e+00
4.624600000000000000e+04 1.150646500000000039e+01 4.219930000000000070e-01
1.276100000000000000e+04 7.798137999999999792e+00 1.479169999999999929e-01
3.528200000000000000e+04 1.015508099999999914e+01 1.370039000000000007e+00
6.830600000000000000e+04 1.064527499999999982e+01 6.934529999999999861e-01
3.126200000000000000e+04 9.663199999999999790e+00 1.521541000000000032e+00
3.475400000000000000e+04 1.079040400000000055e+01 1.312678999999999929e+00
1.340800000000000000e+04 2.810534000000000088e+00 2.199619999999999909e-01
3.036500000000000000e+04 9.825998999999999484e+00 1.388500000000000068e+00
1.070900000000000000e+04 1.421316000000000024e+00 6.776029999999999553e-01
2.433200000000000000e+04 1.112321900000000063e+01 8.091070000000000206e-01
4.551700000000000000e+04 1.340220599999999962e+01 6.615240000000000009e-01
6.178000000000000000e+03 1.212255000000000082e+00 8.368069999999999675e-01
1.063900000000000000e+04 1.568446000000000007e+00 1.297468999999999983e+00
2.961300000000000000e+04 3.343472999999999917e+00 1.312265999999999933e+00
2.239200000000000000e+04 5.400154999999999816e+00 1.934939999999999993e-01
5.112600000000000000e+04 3.818754000000000204e+00 5.909050000000000136e-01
5.364400000000000000e+04 7.973844999999999850e+00 3.073640000000000261e-01
5.141700000000000000e+04 9.078823999999999117e+00 7.348759999999999737e-01
2.485900000000000000e+04 1.534669999999999923e-01 7.666190000000000504e-01
6.173200000000000000e+04 8.325167000000000428e+00 2.847900000000000084e-02
7.112800000000000000e+04 7.092088999999999643e+00 1.216733000000000064e+00
2.727600000000000000e+04 5.192484999999999573e+00 1.094408999999999965e+00
3.045300000000000000e+04 1.034079099999999940e+01 1.087720999999999938e+00
1.867000000000000000e+04 2.077169000000000043e+00 1.019775000000000098e+00
7.060000000000000000e+04 1.015196599999999982e+01 9.931050000000000155e-01
1.268300000000000000e+04 4.682599999999999957e-02 8.096139999999999448e-01
8.159700000000000000e+04 1.122187399999999968e+01 1.395014999999999894e+00
6.995900000000000000e+04 1.449796300000000038e+01 1.019254000000000104e+00
8.124000000000000000e+03 3.554507999999999779e+00 5.334619999999999918e-01
1.886700000000000000e+04 3.522673000000000165e+00 8.672499999999999654e-02
8.088600000000000000e+04 1.453165500000000065e+01 3.801720000000000099e-01
5.589500000000000000e+04 3.027528000000000219e+00 8.854570000000000496e-01
3.158700000000000000e+04 1.845966999999999913e+00 4.889850000000000030e-01
1.059100000000000000e+04 1.022616400000000070e+01 8.044029999999999792e-01
7.009600000000000000e+04 1.096592599999999962e+01 1.212328000000000072e+00
5.315100000000000000e+04 2.129920999999999953e+00 1.477378000000000080e+00
1.199200000000000000e+04 0.000000000000000000e+00 1.606848999999999972e+00
3.311400000000000000e+04 9.489005000000000578e+00 8.278140000000000498e-01
7.413000000000000000e+03 0.000000000000000000e+00 1.020796999999999954e+00
1.058300000000000000e+04 0.000000000000000000e+00 1.270167000000000046e+00
5.866800000000000000e+04 6.556676000000000393e+00 5.518300000000000288e-02
3.501800000000000000e+04 9.959588000000000108e+00 6.001999999999999696e-02
7.084300000000000000e+04 7.436055999999999777e+00 1.479856000000000060e+00
1.401100000000000000e+04 4.048880000000000257e-01 4.595170000000000088e-01
3.501500000000000000e+04 9.952942000000000178e+00 1.650279000000000051e+00
7.083900000000000000e+04 1.560025199999999934e+01 2.193499999999999964e-02
3.024000000000000000e+03 2.723845999999999989e+00 3.874549999999999939e-01
5.526000000000000000e+03 5.138660000000000450e-01 1.323447999999999958e+00
5.113000000000000000e+03 0.000000000000000000e+00 8.618590000000000417e-01
2.085100000000000000e+04 7.280602000000000018e+00 1.438469999999999915e+00
4.099900000000000000e+04 9.161977999999999511e+00 1.110179999999999945e+00
1.582300000000000000e+04 9.917249999999999677e-01 7.309790000000000454e-01
3.543200000000000000e+04 7.398380000000000400e+00 6.842179999999999929e-01
5.371100000000000000e+04 1.214974699999999963e+01 1.389088000000000100e+00
6.437100000000000000e+04 9.149677999999999756e+00 8.749050000000000438e-01
9.289000000000000000e+03 9.666575999999999169e+00 1.370330000000000048e+00
6.061300000000000000e+04 3.620109999999999939e+00 2.877669999999999950e-01
1.833800000000000000e+04 5.238800000000000345e+00 1.253646000000000038e+00
2.284500000000000000e+04 1.471578200000000081e+01 1.503757999999999928e+00
7.467600000000000000e+04 1.444574000000000069e+01 1.211160000000000014e+00
3.414300000000000000e+04 1.360952799999999918e+01 3.642400000000000082e-01
1.415300000000000000e+04 3.141585000000000072e+00 4.242799999999999905e-01
9.327000000000000000e+03 0.000000000000000000e+00 1.209469999999999990e-01
1.899100000000000000e+04 4.547499999999999876e-01 1.033279999999999976e+00
9.193000000000000000e+03 5.103100000000000414e-01 1.639499999999999985e-02
2.285000000000000000e+03 3.864170999999999800e+00 6.163490000000000357e-01
9.493000000000000000e+03 6.724020999999999582e+00 5.630439999999999889e-01
2.371000000000000000e+03 4.289374999999999716e+00 1.256299999999999951e-02
1.396300000000000000e+04 0.000000000000000000e+00 1.437030000000000030e+00
2.299000000000000000e+03 3.733617000000000186e+00 6.982690000000000285e-01
5.262000000000000000e+03 2.002588999999999952e+00 1.380184000000000077e+00
4.659000000000000000e+03 2.502626999999999935e+00 1.842229999999999979e-01
1.758200000000000000e+04 6.382128999999999941e+00 8.765810000000000546e-01
2.775000000000000000e+04 8.546741000000000810e+00 1.287059999999999871e-01
9.868000000000000000e+03 2.694977000000000178e+00 4.328179999999999805e-01
1.833300000000000000e+04 3.951255999999999879e+00 3.332999999999999852e-01
3.780000000000000000e+03 9.856182999999999694e+00 3.291810000000000014e-01
1.819000000000000000e+04 2.068961999999999968e+00 4.299270000000000036e-01
1.114500000000000000e+04 3.410626999999999853e+00 6.318380000000000107e-01
6.884600000000000000e+04 9.974714999999999776e+00 6.697870000000000212e-01
2.657500000000000000e+04 1.065010200000000040e+01 8.666270000000000362e-01
4.811100000000000000e+04 9.134527999999999537e+00 7.280450000000000532e-01
4.375700000000000000e+04 7.882601000000000191e+00 1.332446000000000019e+00
