4.483253536095011538e-01 3.980513925170424683e-01 5.623335286872159777e-01
1.587325934285056805e-01 3.419546659888890727e-01 9.872441587123406137e-01
2.854294260076912226e-01 6.892523280719681233e-02 4.744962850301676638e-01
8.232007274878661018e-01 6.284800736390028231e-01 2.524892865215854210e-01
4.201023303715227808e-01 7.982026591745278177e-02 7.857829588853851299e-02
7.997217139789423168e-01 4.848018932137898029e-01 6.089605461882090509e-01
3.938514127945832999e-01 3.265298552072533056e-01 7.153351617512443417e-01
4.674547785215781293e-01 6.346454184592456027e-01 3.203119051961181851e-01
7.395067544618890709e-01 4.126121228724660694e-01 4.415363668073096215e-01
3.887568065035661991e-01 5.866898152518990051e-01 8.893600596331007191e-01
5.504585145661915480e-01 1.779930149834012543e-01 4.903093260527124908e-01
6.932499205679664156e-01 4.008671111132568465e-01 9.846360958497039073e-01
6.101475792403010523e-02 2.330586386794350207e-01 4.293665871676696777e-01
5.593329900408664512e-01 2.237210154101831883e-01 3.683205645077996526e-01
8.476986622549932404e-01 7.313597569408110122e-01 1.948787773089678266e-01
4.784876140808344003e-01 9.032121410661488048e-02 1.122116243232699623e-01
6.723127321332704742e-01 3.593206461635111149e-01 7.483694442919779366e-01
7.633473206753366158e-01 6.806710380901432877e-01 1.535546439041030886e-01
1.716717977934328898e-01 0.000000000000000000e+00 7.371681713637177058e-01
3.121185892870838030e-01 5.032926693846926369e-01 7.694275304967477247e-01
7.107249679532830211e-02 1.692339948054789045e-01 4.847414453000274959e-01
4.131342237025188435e-01 1.430040198669662033e-01 4.914914826297347439e-01
2.478279447372169209e-01 2.532519056878873021e-01 3.760414693208826153e-01
3.153396952001139564e-01 3.152011565943089177e-01 1.097475685523923161e-01
2.162632980180338171e-01 1.346485495318233694e-01 9.945064835651907797e-01
4.030545725460979445e-01 5.955375571199658102e-01 3.827171423327141997e-01
6.289921444457835520e-02 0.000000000000000000e+00 9.769240439316060343e-01
3.129841245494286439e-01 4.765276395551314437e-01 4.308857439471281414e-01
7.458941855751427541e-02 6.524285244249235227e-02 3.771020461401082269e-01
4.558960481193781167e-01 1.101626059204805982e-02 6.792177109836687876e-01
4.016631424408094175e-01 5.671974782771681545e-01 5.203460183514611037e-01
4.777425963866641645e-01 5.758305385124556398e-03 7.972663440671733381e-01
1.682863497419828380e-01 4.084832658989531740e-01 7.904295483666115008e-01
6.989580708424177891e-01 2.799632531585949380e-01 9.375215789315265169e-02
1.177018395363360476e-01 4.620420071389411132e-01 4.588573509423316543e-01
7.757825424824428273e-01 4.674506362506787305e-01 6.391477377017058537e-01
7.889627819837191636e-01 2.358092500870844488e-01 3.723350572870833819e-01
6.479462710768792155e-02 1.059423981119106545e-01 3.458170956484479808e-01
1.627096731782674000e-01 6.838470929472996174e-01 3.725068034497960867e-01
3.676114513602051215e-01 6.019254710077258652e-01 4.045330363482161906e-01
4.925005204167716699e-01 1.637072453832095764e-01 5.921689651733014204e-01
1.964874606948385505e-01 0.000000000000000000e+00 8.641428833642890439e-02
3.039014823660885489e-01 4.079392241125667784e-01 1.204985242224059783e-01
3.209054156212680642e-01 4.698773370050855491e-01 1.401495903175297431e-01
4.637735146209722714e-01 5.493567701365850153e-01 1.548330019399643820e-01
3.991213173665815739e-01 1.707016791010083634e-01 4.905082210933797704e-01
4.341152367074600504e-01 8.466936518913661947e-02 1.218488858041468087e-01
3.550228435572403418e-01 1.679746821949382740e-01 5.847030237357918603e-01
2.987520953622648801e-01 2.102442097983067970e-01 5.747700755624096658e-01
6.000679280838801949e-02 2.044434078708663449e-01 6.927201464150791743e-01
1.561688560691551764e-01 2.842351356153577924e-01 9.520332443912484788e-01
7.517338095603299797e-01 6.596271231958509285e-01 4.268387905528986948e-01
4.551072058549625599e-01 4.968410345847760756e-01 9.812359939823922517e-01
8.673978065802592785e-02 1.437701048918874069e-01 1.747832958855875529e-01
2.337054769756664041e-01 4.932935532554096059e-02 2.862542279950966995e-01
9.135231667634459429e-02 2.271204519796481136e-01 3.749909257826401776e-02
5.670899389742859592e-02 1.765001865019795724e-01 9.761538420678946837e-01
2.079804542416705815e-01 4.994462781800714790e-01 1.572840734648637551e-01
7.541879854940672923e-01 5.060284619755615054e-01 1.938199710687391886e-01
1.472286437391123470e-01 7.669937530082794608e-02 4.007882617694812077e-02
5.351966079782629615e-01 1.758896512506196996e-01 5.667682388817967265e-01
1.345962113659023018e-01 1.814179781598366237e-01 4.105016581472307191e-01
8.574277168494516543e-02 1.210307739499924123e-01 9.785500256438858235e-01
6.097093335378479806e-02 4.652792971712456094e-01 5.763765809057219691e-01
1.133522509394892241e-01 2.912646564670822169e-01 8.337314185111673881e-01
1.997304788929913505e-02 3.686998099223833258e-01 6.219282667625140038e-01
1.067566531175703631e-01 5.483136210405017419e-01 4.481364951152676523e-01
1.846876951562893832e-01 1.379836915575145262e-01 5.508035182585057088e-01
4.309708237923591811e-01 4.806255204213094601e-01 6.711645275121417287e-01
7.146691792753607775e-01 4.767103412252455263e-01 5.197947780903833248e-01
2.698497912854842112e-02 1.116566772704064570e-01 8.056069515292195726e-01
2.996833674799776470e-01 5.437623799861075469e-01 9.015021002017870044e-01
1.773909042104455935e-01 0.000000000000000000e+00 3.567498307621574938e-01
1.343003955167464680e-01 1.972712917596049498e-01 2.103123242331474962e-01
4.642884533213545994e-01 3.020898021252955701e-01 6.240972260338853994e-01
2.805539425679006715e-01 4.149520618447543052e-01 5.063796912228267499e-02
8.485532413747767233e-01 7.101746330633902371e-01 6.661313616165622786e-01
6.434761649118578841e-01 1.173212894913699261e-01 1.305648560135649894e-01
5.086498745521677023e-01 3.485864689192765820e-01 3.231017475024507424e-01
3.581343880446572481e-01 4.180405900776357764e-01 5.053185242106020825e-01
7.109440908045095986e-01 4.100988515464797368e-01 4.024478844827046320e-01
9.371884346959122314e-02 1.198556417792924628e-01 5.122999171959221609e-01
3.162052304624587973e-01 5.456898300229132692e-01 8.878332303446550000e-01
4.607057947038006862e-01 2.312949604693721462e-01 9.913684273894406429e-01
3.527110974768003504e-01 4.942556768855473903e-01 3.437815199948535128e-01
7.109988715173162221e-01 3.142421879380663530e-01 6.788854323252246914e-01
2.580171573192510323e-02 3.126004064466824661e-01 2.720252649819017154e-01
0.000000000000000000e+00 1.056036208392526904e-01 4.263619146096964685e-01
7.713781731727893387e-01 5.352163683487473067e-01 4.929114869853590819e-01
6.288716268776088913e-01 2.021857850356624242e-01 7.501175959550533678e-02
4.572217413692987176e-01 4.544091692337079436e-01 2.429824576934903630e-03
1.252177533334063730e-01 4.136230529927102384e-01 7.954491398232136357e-01
8.246688505910838574e-01 8.174780199900102406e-01 2.889325238246158722e-01
5.980958224228413722e-02 3.762946447329694188e-01 4.228768249505270305e-01
8.054956011087616163e-01 3.949516306649886732e-01 8.029516732266618328e-01
4.413024662276905374e-01 4.309711071792912684e-01 9.781852863704960654e-01
2.359953107709837627e-01 4.405180581862274680e-01 4.754630211625503478e-01
1.938579864801200925e-01 3.047421313158454326e-01 1.919425671388801102e-02
2.446397072518707583e-01 1.081302291003415073e-01 6.025947245008591580e-01
5.102275590809988159e-01 2.713808159135353559e-01 4.180413737096167481e-01
4.645733130279491307e-01 5.398359671708713448e-01 1.220637160557874051e-01
3.687180217588991171e-01 3.150214186875509026e-01 7.979179171380833546e-01
1.004787834299299965e-01 2.252441029594181021e-01 1.139137409324223194e-01
3.081086411096380928e-01 4.191382341773636777e-01 6.532757777120696829e-01
3.735496806284443472e-01 5.498507147617260893e-01 3.210301700759165544e-01
1.943619690379411180e-02 2.238507517609654163e-01 3.405153919383177019e-01
4.396809571286141582e-01 5.949792223457813778e-01 1.768206421181790777e-01
1.533202590032101409e-01 6.170547659011759167e-01 9.776936556023184677e-01
8.443241703461045189e-01 6.023661634977264256e-01 5.744767496419004305e-01
1.228183581124757534e-01 1.878383500366096470e-01 1.434759180599647771e-02
6.707350476044393606e-02 4.661475364266832178e-01 6.969553713759937263e-01
1.680781830333176186e-01 1.455000822444331154e-01 5.235082724401706189e-01
4.861569138737633078e-01 2.099263222770459958e-01 4.756625063962166000e-01
3.117460804399986851e-01 5.590650072332556952e-01 4.000676361176868645e-01
6.986841672783846713e-01 3.766724289556047101e-01 9.036267949982325354e-02
1.009827659877510359e-01 2.683239808275104665e-01 5.503408069472798259e-01
7.568065035662243645e-01 4.369243039063978040e-01 5.017490369525737792e-01
2.683049751843371022e-01 2.035744037732722944e-01 1.214239468448577441e-01
1.848410811521479513e-01 3.250498378319516823e-01 7.200443116903658680e-01
4.357915265193430532e-01 4.184048939572641568e-01 2.852178490888305773e-01
6.465219725439066978e-02 5.368393634046642049e-02 6.959532236636702951e-01
4.490594151611100870e-01 5.178577975825155999e-01 9.350250625457030562e-01
8.194099021616468859e-02 1.458753807300600114e-01 1.512369559969805634e-02
4.247477348175254241e-01 2.537559366689661200e-01 1.742662868184524996e-02
5.404665125502613326e-02 8.804251030947474188e-02 1.590156997239667094e-02
3.540039222990369328e-01 1.081285082054895680e-01 9.469333866867803984e-01
2.903487340177270393e-01 5.532531628971819604e-01 6.257173058161750179e-01
4.101212844981538819e-01 3.842740995429638207e-01 6.390338304528964120e-01
2.575022186188686835e-01 5.131138163047043177e-01 6.052960378573397221e-02
7.516680727049620536e-01 4.618647071665566428e-01 2.063409155427916308e-01
3.039453069363338700e-01 4.305033583980075185e-01 3.231784725923224078e-01
1.238372793706791763e-01 0.000000000000000000e+00 3.175090786438072854e-01
0.000000000000000000e+00 2.752064607746636526e-01 6.263228438331619463e-01
3.585835898896716500e-01 4.380947036162550212e-01 9.581246263340575942e-01
2.697292737173095922e-01 6.302012553067497247e-02 8.469783003740053440e-01
4.646938305961237359e-01 6.728506226460488904e-01 4.100531114679811240e-01
2.214236411644188440e-01 4.831675211307961404e-01 7.715250764152385976e-01
3.640178366000898502e-01 3.805229789894513659e-01 7.192115493687590844e-01
5.969235151687793950e-01 3.019832022497449531e-01 1.006456121216198901e-02
2.024147338205164737e-01 6.053818405152091575e-01 3.508679673339978322e-01
3.716980925355800602e-01 1.389452415560350484e-01 3.426076261198173767e-01
4.805911934526092000e-01 1.141642122802196124e-01 5.387175460247255465e-01
2.908527165755480648e-01 2.879855869319833950e-01 2.862784259080561888e-01
4.864965542931644626e-01 3.454583601048005770e-01 7.402041241506385205e-01
1.826827210675665281e-01 2.000060804951435123e-01 7.519849666039292169e-01
8.899674602565928183e-02 5.664713084522849940e-01 6.467482431429901757e-01
4.683422260690456307e-01 5.574646228235878853e-01 6.886247971949307489e-01
6.141356151326241575e-01 1.708928418374778269e-01 2.912661469427117455e-01
1.197835066229881729e-01 0.000000000000000000e+00 6.274872946202136870e-02
1.985362593538066989e-01 3.794409185486603553e-01 5.333237722067493136e-01
1.234976389512780354e-01 1.608571566925911522e-01 5.978236042968411157e-01
1.785522553219462405e-01 0.000000000000000000e+00 2.162083522932834456e-01
3.086126236674591738e-01 6.625766413668034982e-01 7.625966367261758361e-01
4.487964677396382163e-01 4.926880850833359471e-01 7.143920333388221744e-01
3.471453770556462426e-01 3.455175397666533366e-01 3.951424755409266298e-01
6.043846482530430553e-01 2.155296515202265728e-01 6.108710009260128748e-01
1.927733283665487019e-01 1.751144359224562908e-02 9.590400156755260475e-02
2.040033744919089037e-02 1.577221164960725952e-01 3.387684206612404103e-01
6.254533103984749598e-01 2.740462908286486407e-02 3.581049138878904525e-01
6.911353850536303689e-01 4.390068734930517858e-01 6.565306921016240624e-03
5.610969289932400406e-01 3.748991424159518471e-01 6.252976785938769710e-01
7.107249679532830211e-02 2.271085969262236492e-01 3.287870766619391816e-01
5.264426500717627605e-02 5.468000940182220493e-01 9.178551678184283524e-01
3.319930318933310143e-01 3.940401300250786498e-01 6.619675500085283604e-01
7.524678711119389130e-01 3.799839564797164448e-01 1.597705565697038754e-01
1.927295037963034086e-01 3.764685507182847779e-01 1.333417140739193152e-01
8.150384012796774158e-01 4.574275710013729346e-01 2.146531937408852064e-01
4.077547577049072669e-01 3.704753431858706647e-01 5.122509311770041540e-01
4.690762876206545084e-01 0.000000000000000000e+00 8.936330569459519646e-01
1.614716290688374412e-01 1.623391817785534430e-01 3.734865238281570021e-01
2.179834124001621409e-01 5.696205460313320534e-01 1.424607861016631040e-02
1.607594798023511962e-01 2.202544639414926245e-02 4.063065663102490843e-01
3.507170795306388533e-01 6.256201376056205188e-01 2.802507848091404519e-01
6.435199894821030941e-01 2.193670558295097994e-01 9.864745470416281803e-01
5.997830683772856775e-01 4.014090973863478906e-01 9.047345872573790970e-01
3.230089949930428639e-01 2.659151582585098650e-01 9.963827071090517462e-01
3.034632366636354495e-01 5.212953328518969975e-01 3.647009108448553416e-01
1.253711393292649412e-01 6.269033515335491191e-02 6.897768539290033418e-01
6.148258521139876587e-01 5.089627789086552667e-01 5.777900931383571637e-01
4.329210171682754127e-01 0.000000000000000000e+00 2.837423665912990334e-01
2.917292079804542637e-01 4.064669985667335728e-01 4.896860822457551055e-01
1.810502558259288186e-01 2.088401508096643031e-02 8.228222911174183363e-01
2.669792819344165569e-01 2.929281881572892154e-01 6.498160663518577351e-01
2.427881191590064991e-01 5.790090313039856218e-01 2.115983547779959617e-01
6.606553964480185726e-02 6.046880330740694170e-02 6.730714410919516055e-01
7.086433008666308264e-02 2.900457370829273573e-01 7.825315856538247461e-01
2.513886910696481736e-01 3.829451862961892328e-01 9.918146132966941808e-01
2.029077602357761967e-01 1.812238038573762422e-01 1.787789024889029077e-01
3.825227613861711395e-01 5.627897407323716461e-01 7.445078114994384544e-01
6.706254861788261967e-02 3.986542793468381141e-01 8.511769333689810368e-01
4.170236543117898931e-01 1.225225507734490210e-01 8.633679599565854401e-01
2.564832973606652744e-01 2.846272128257910650e-01 5.622331958773838512e-01
3.842647880534221239e-01 4.440087499854799002e-01 4.521834485094970435e-01
5.797333274900573485e-01 1.901013267669084683e-01 6.149533659001831243e-01
1.840741511728550550e-01 4.103964707505954879e-01 8.584664070997857221e-01
1.044449070371303717e-01 6.080237009287430688e-02 4.694100017646770651e-01
1.831976597679489116e-01 0.000000000000000000e+00 1.426036128074241460e-01
6.389622341765910374e-02 0.000000000000000000e+00 5.228696836152389726e-02
4.885453529521326388e-01 5.507484004401858035e-01 1.768832025760744275e-01
1.111281539995398471e-01 5.446856878768072813e-02 2.444679734720050790e-01
2.367512846077153288e-01 2.724315178259132386e-01 8.208026506747971851e-01
2.609424473831253311e-01 1.170867219625237737e-01 7.798833896672551225e-01
1.713540696591543955e-01 0.000000000000000000e+00 7.242990130202477950e-01
9.692899324006004624e-02 1.514561949322610346e-01 3.118402748882912259e-02
5.580949459314364924e-01 4.985150350519990115e-01 6.640267333820834006e-01
3.124801419916076184e-01 1.406865003303879036e-01 8.532184109525656757e-01
3.604680464102199000e-01 4.991239450137764377e-01 5.749229355491538573e-01
4.694707087528622869e-01 5.965177979486837589e-01 9.605804194029489151e-01
1.478969684353532710e-01 2.799753472251932940e-01 2.140789359528459390e-01
4.420255716367381127e-01 1.183794008121380886e-01 5.602052927327764997e-02
4.771071401181072313e-01 8.731806137944350676e-02 4.782339772929145028e-01
7.752347353543764807e-01 2.067201517599806526e-01 1.930397359240445254e-01
2.167124998630482191e-01 6.578048867581873238e-02 6.947769690166381018e-01
4.873730456980706061e-01 2.553837597909954238e-01 2.321648102145882908e-01
5.966934361749914872e-01 5.657690877474246260e-01 4.084991333015808856e-01
2.200541233442529498e-01 5.938849722331225323e-01 8.399083784388332585e-01
4.633462250610804745e-01 5.813408916309966701e-01 4.129875510590717835e-02
5.209645787910992532e-01 3.895130771038812223e-01 9.726604897067390176e-01
1.307944298971218111e-01 7.318903661868253474e-02 9.139728782709233279e-01
4.459040461034479153e-01 1.530120272863175757e-01 1.820881146343665824e-01
7.768781567385755205e-01 4.236599810061010829e-01 3.124186640273235449e-01
8.106340319700240382e-01 3.045291227752832675e-01 2.173055210784478886e-01
1.300713244880742359e-01 1.180171046431702925e-01 8.493113332991021613e-02
5.309675369495907571e-01 5.284204589731735791e-01 8.283476779741744123e-02
1.751558511279348862e-01 9.737779124962253618e-02 4.214491480859155481e-01
7.673244004250983075e-01 6.388358452263499521e-01 3.239073609461029513e-01
3.611911518192674753e-01 4.899356571755650869e-01 1.130685845578362630e-01
6.929650608613718843e-01 5.002188165606874515e-01 9.848025302754254140e-01
4.688681209119893167e-01 4.505194688419797422e-01 7.418135804589458607e-03
1.584148652942272140e-01 2.131472638082571314e-01 1.577515063200817524e-01
2.188270353773843213e-01 0.000000000000000000e+00 3.392547396924268099e-01
6.019304723193057843e-02 4.630202402569984499e-01 6.071032088203164312e-01
7.439439921992264670e-01 6.524773787176646467e-01 6.205655111277940117e-01
2.807073285637592952e-01 6.300936037732340900e-01 1.604486883255693275e-01
3.017869468517524467e-01 1.853533778704107848e-01 2.363392452966044666e-01
6.426434980771970062e-01 6.759063104688392554e-02 2.657190527874520591e-01
8.027565654684298835e-02 2.031127259266050922e-01 8.434406835379237855e-01
7.072737830464650433e-01 4.196680785812216263e-01 4.985897338288593494e-01
9.858337076682041622e-02 1.986797963932816491e-01 5.663078883425668592e-02
1.287565873807149930e-01 2.667395624978578517e-01 9.280489812973739816e-02
8.361618441379159439e-01 7.189726601912899140e-01 8.060513668574760260e-01
3.031016839591116896e-01 6.115806949824298400e-01 7.708906189413000654e-01
7.386302630569828720e-01 1.555916964720077955e-01 3.944790986100364383e-01
2.389315569774193848e-01 5.127122741725853583e-01 3.466982537959737987e-01
1.679138408948977201e-01 3.946811633574257017e-01 4.513412430999060865e-01
2.197473513525357858e-01 3.840412051063347709e-01 9.545816977609848930e-01
8.692713069582461705e-01 5.116092283751276781e-01 1.201845415469312700e-01
1.713102450889091022e-01 2.420245486606681651e-01 6.677437688898647528e-01
3.900605874683641394e-01 5.149436533612972156e-01 3.939921893858510660e-01
3.127321332705181312e-01 9.045950712902203761e-02 4.933258024706658751e-01
6.317640485137993034e-01 4.875706218200193121e-02 2.190583942855152955e-01
8.625442354255913324e-01 7.431418157419716897e-01 4.300063563785993526e-01
7.478115105233749116e-01 5.563368630639509149e-01 2.407804476141743311e-01
1.639477172876973587e-01 1.638619825119796980e-01 5.751194698178251352e-01
2.392273728265752186e-01 5.375967483500562194e-01 8.701982635341584116e-01
8.202863935665530293e-02 0.000000000000000000e+00 3.800187799412285683e-01
9.531844028354496956e-02 0.000000000000000000e+00 8.397626007680772942e-01
2.873357948133621331e-01 3.940157506813428689e-01 1.640223069345906892e-01
7.219988386488884746e-01 4.158857907098352236e-01 5.940351554361791159e-02
7.168604077876261638e-02 3.883218354452616650e-02 1.529650410980895048e-01
5.100741730851401368e-01 1.170320835509747470e-01 6.938739737281488518e-01
7.783024552715479549e-01 6.324325866928268702e-01 3.629633826557622234e-01
5.221368860451611749e-01 1.128777955757609940e-02 2.004791186765984279e-01
2.147403942020093548e-01 5.332778759033084404e-01 1.971097068452354606e-01
4.100007669299792767e-01 5.272456614209170001e-01 2.978190598107486875e-01
1.493322231108871155e-02 1.386840957622533788e-01 9.711490054362678093e-01
2.907212428648121572e-01 1.876059336263284083e-01 6.739791579244328590e-01
5.226846931732275214e-01 1.206923790984126693e-01 7.623475752805924932e-01
4.169360051712993065e-01 1.686225513040582602e-01 8.546006429562531537e-01
6.887031214050157168e-02 1.617775486225694614e-01 5.241574847390845227e-01
1.177456641065813547e-01 0.000000000000000000e+00 6.530107810555129122e-01
4.917445465800400761e-01 5.687982929105489527e-01 2.391963696048244881e-01
6.225608887622845478e-01 1.687381380749467807e-01 8.113312334266429282e-01
7.459599224305106802e-01 5.469901094914568773e-01 4.106344515720085075e-01
7.695813657927317308e-01 4.927564906537005296e-01 2.488053018217487311e-01
1.249986304821798372e-01 4.082597885813750160e-01 4.286081891639385022e-01
7.414131232675599259e-01 3.421210191579097115e-01 9.977366098487866486e-01
6.709322581705433608e-01 3.445016381723924048e-02 4.995499778382528899e-01
1.947344778850262359e-01 1.096616343080274517e-02 6.122939562466321872e-01
5.847950653533904308e-01 1.624969782759492221e-01 4.505828450961748416e-02
3.388734894218443650e-01 2.943322471459317025e-01 3.417081719893221847e-01
3.175857044251859662e-01 5.926083072661582352e-02 4.242502040592293633e-01
1.496061266749202923e-01 2.885775269584153757e-01 9.084250640802048887e-03
7.918004229071028133e-02 2.513780424046656581e-01 5.503939243171909190e-01
4.427267647606630829e-01 5.924181005823843105e-01 9.266767825746697884e-01
1.490583195468539457e-01 4.602252680042768218e-01 5.516451334750975821e-01
2.892421636190329881e-01 5.320649796511354168e-01 3.520229750330655105e-01
1.478093192948626566e-01 4.226993392576413044e-01 2.057483617717830171e-01
3.312261019140381180e-01 5.110106437824618597e-01 8.589899082899099536e-01
4.738860342050770780e-01 2.731785774021935342e-01 9.877611677794755352e-01
6.084603332858566915e-01 1.459177816671063665e-01 7.876999057461780973e-01
9.649074753760696066e-02 0.000000000000000000e+00 3.415387865986056065e-02
2.824822236586942426e-01 4.754118782568233503e-01 7.594579903574267821e-01
2.499315241089916928e-01 1.300099252610585621e-01 6.734054903293925642e-01
8.526727509778356806e-01 5.331932174371200039e-01 9.486349131029339077e-01
4.182178738509745308e-01 1.284895624620058519e-01 3.893385175886366345e-01
3.470467717725942980e-01 4.798355340790002033e-01 5.672279992280275795e-01
8.111708829555289713e-01 5.929803073699855265e-01 6.556595672350815640e-01
4.901559059086476600e-01 4.893701520061641830e-01 3.731589667137050204e-01
1.907464419927032140e-01 2.268422406452514362e-01 3.903324025989738377e-01
6.231853888882802478e-02 2.217784597407882752e-01 9.255849255264965159e-01
4.014549757321442258e-01 1.505453157266031516e-01 3.768459023785368234e-01
3.282022065671118538e-01 6.408839491133303534e-01 9.667585597166129530e-01
6.612032035760849746e-01 2.900983199811810187e-01 5.194200055360103097e-01
2.602960349720070399e-01 4.530266214307147044e-01 5.299024233914731985e-01
2.824493552310102795e-01 1.863165053558789030e-01 3.299444451330028616e-01
1.242645689305709178e-01 2.611751924020197513e-01 7.097194753656393962e-01
3.956153517469569447e-01 1.610598398640416540e-01 9.288970886369551927e-01
1.565851894864855876e-01 2.502258554986582229e-01 4.867900051996002508e-01
1.222705509844094068e-01 0.000000000000000000e+00 4.255374149900758574e-01
2.603398595422523609e-01 6.204336951403219835e-01 2.968151415194282272e-01
4.335016927240257223e-01 2.570139252421287379e-01 3.283361692106935292e-01
2.809921882703537710e-01 6.466697410134512047e-01 9.357958546024135460e-01
1.623042959034982913e-01 1.050170825105504052e-01 4.623754914094457824e-01
8.062625310880545682e-01 5.110937247617026724e-01 3.749496122727092977e-03
3.855137883054134407e-01 7.931613933110442938e-02 2.631729601897116466e-01
5.418798549406724785e-01 4.000921347982673848e-01 3.868957087657234339e-01
3.468386050639291063e-01 6.289486828677125496e-01 8.386170361569936227e-02
6.857449629134573788e-02 3.919656868863366506e-01 5.355127980400870014e-01
3.626592749224852863e-01 2.123234810031612296e-01 2.586373269922997431e-01
2.969881564098911797e-01 4.706882609014266805e-01 3.797106991957439615e-01
1.952822850130925825e-01 9.340634835242721127e-04 5.764963900845214706e-01
4.769866225499326262e-01 3.945521440461651208e-01 4.411952352538803801e-01
7.417856321146450993e-01 2.886619464114298927e-01 8.903002370805277454e-01
3.865655779913008128e-01 2.911939085676136241e-01 9.994829909328650785e-01
7.812606137631062930e-01 4.295936742582190382e-01 7.224015425284222580e-01
3.402320510994489289e-01 5.501353316491828238e-01 9.579658644173231208e-01
5.739594403602379380e-01 4.210328916067129779e-01 4.206695031342198576e-01
4.418393172131955815e-01 0.000000000000000000e+00 4.813141945547613210e-01
3.817558314068782432e-01 4.249272766566492554e-01 9.822334201507234575e-01
1.271679467093225768e-01 1.519223662265971886e-01 3.196461674932319363e-01
7.045457035486946129e-01 3.352778807791771953e-01 8.189104919199628740e-02
3.584959407491810079e-01 4.591449762609725593e-01 3.783019085071009230e-02
3.634152487592168801e-01 5.882305419733663276e-02 7.852624086602560949e-01
4.074808541408740936e-01 4.977598012251719384e-01 5.250634309925688026e-01
1.434049499852091958e-01 0.000000000000000000e+00 3.340521884061306568e-01
7.284848750451941024e-01 4.636851271040987044e-01 7.132777489566863305e-02
1.746518685701138329e-01 0.000000000000000000e+00 3.543223669572186790e-02
4.680464102198898108e-02 2.129747440993503271e-01 1.599299086794372660e-01
5.347912307034938806e-01 1.444106601978866478e-01 8.862615463882845823e-01
3.157341163323217348e-01 3.871668281838024361e-01 1.269865158605515687e-01
3.877817098156081110e-01 5.534416964887386992e-02 9.455251861911363465e-01
7.865524306202272831e-01 4.830645542554885541e-01 7.077063270460072497e-02
4.455644056840467604e-01 5.368306633251349602e-01 2.404723668686897242e-01
4.336441225773229879e-01 4.335726699717089572e-01 6.033543028905881747e-03
1.291290962278001109e-01 2.707828049524867858e-02 2.819239819613411635e-01
2.109167004481062313e-01 0.000000000000000000e+00 2.869187853119848919e-01
6.200519321157407227e-01 4.281380362266531403e-01 7.037036381267038898e-01
5.970549888795152471e-01 7.280613751412627621e-02 3.655490181844364694e-01
1.297645524963570718e-01 1.314097298152060167e-01 9.956496874042781997e-02
4.981210215507324013e-01 4.414761185924093723e-01 1.104805882571659736e-01
3.400019721056610211e-01 5.045842009710722609e-01 2.377126244053067716e-01
1.822335192225521261e-01 3.325329100824313544e-01 8.960026818369876134e-01
1.521479517491481637e-01 3.041590825794817862e-02 7.512141745472187271e-01
5.763259671534846085e-01 1.708818472314793113e-01 4.367841327792600786e-02
7.888422644155446140e-01 4.317766293779027320e-01 8.620671745867616309e-01
7.504628970232161134e-01 2.848555660121163680e-01 1.289925818641954151e-02
3.849440688922244336e-01 1.164137564701463595e-01 7.144805622886740704e-01
2.892092951913490251e-01 5.038269116309498363e-01 9.662002371395469469e-01
8.012227055098440631e-02 3.655325029473909804e-01 3.267131384634089364e-02
1.000000000000000000e+00 1.000000000000000000e+00 3.797390284596965926e-01
2.710878353949141562e-01 6.810565663396121738e-02 4.941632863362648287e-01
3.472001577684528661e-01 3.226038726157300363e-01 5.247211190531415603e-01
1.690751920063983949e-01 1.094282140424159416e-01 6.711969881270873906e-02
6.397729887261293102e-01 2.652270393309084651e-01 2.367157884299744830e-01
3.720925136677878386e-01 2.895514100367081456e-01 2.546741810039300780e-01
3.444830344132437938e-01 5.176353719229025430e-01 3.297992576552458144e-01
3.401224896738356263e-01 5.410378688170458528e-01 1.593155177674651368e-01
3.280049960010079646e-01 6.341168169238918795e-01 3.734428495462300823e-01
1.081919077931041973e-01 0.000000000000000000e+00 8.826684514102957069e-01
5.647014998959166698e-01 3.115361285860281937e-01 2.368816326626970448e-01
1.301370613434421897e-01 2.358760781705013798e-01 8.964276207962765808e-01
7.586142670888433859e-01 4.852798239562808313e-01 5.283862175770098757e-01
4.138792413966890793e-01 1.159587231897130366e-01 9.197042424843347996e-01
7.559409683038795791e-01 4.674601489749991567e-01 7.048922868267152309e-01
7.386193069144215695e-01 5.841458068317517682e-01 3.874740979047557876e-01
6.488775431945920102e-01 3.534598997320614333e-01 5.626180017127400124e-01
3.192400819519463639e-01 4.072084174321103367e-01 4.375631875379567548e-01
6.532052195063162148e-02 1.337852339477677011e-01 3.903985042148632734e-01
1.188412783627140618e-01 3.049473480269390691e-02 3.636869592725516798e-01
7.727038664227099396e-01 5.139017471337181675e-01 5.681138789195454286e-02
1.052885300143525521e-01 2.989490734152386656e-02 8.251665377094964671e-02
7.092349325649425218e-01 4.793632918500475015e-01 1.662166445049195751e-01
2.842132941833839244e-01 4.692950531108783241e-01 2.142642565545359035e-01
3.027182189694652137e-02 3.092008264693131558e-02 7.465427969600340052e-01
6.091724825523430198e-01 1.600007246879432132e-01 5.389276547323740285e-01
3.410428056489870907e-01 5.648785724641812722e-01 1.136959597157866653e-01
5.676377461023522641e-02 0.000000000000000000e+00 8.729202336456044486e-01
7.667327687267866398e-01 5.232316741787710335e-01 5.855086371794440137e-01
5.745401159159883031e-01 4.897239393061419421e-01 1.648898906431392197e-01
6.283347758921039583e-01 1.233212849979222481e-01 6.775510059544572750e-01
6.340210138814326157e-01 1.257405285413040197e-01 5.766952851251887224e-02
6.196465548409716417e-01 5.614993086065919181e-01 1.000000000000000000e+00
4.639049883317081791e-01 3.874036424364830644e-01 7.820771370445849247e-01
1.704775782542482521e-01 5.932184122938051196e-01 4.657443130478097215e-01
3.815586208407743540e-01 5.816550027441103055e-01 7.831447961797988189e-01
9.388318560801113544e-02 1.528923294888382967e-01 1.759548289886276040e-01
8.504486540378863868e-01 7.674958240813325450e-01 3.186428393949105042e-01
8.565950500147907487e-01 3.412467089678555276e-01 9.285211356965843155e-02
7.708741906149682577e-02 2.309364885111864496e-01 4.487019000083216635e-01
7.627228205493410407e-01 4.819887081572185039e-01 8.100133324598476348e-01
2.360610476263517166e-01 4.812227665402016297e-01 4.646672108246117094e-01
4.022547741391210852e-01 3.886133359121261566e-01 1.940300797763876983e-01
2.248419576435528588e-01 1.440036685654032533e-01 6.710211106133816550e-01
4.639816813296374631e-01 1.778444921971520098e-01 4.986056690398326663e-01
9.901066032671217154e-02 3.697500338084134391e-02 6.770103891673616703e-01
2.928357783791482594e-01 5.240574646945275195e-01 6.115390994008951253e-01
6.431255683498953921e-03 8.490751791559097289e-03 9.529138123457753240e-02
5.359197133873105923e-01 1.475119039316185321e-01 5.705649504444447739e-01
1.076331445224765204e-01 4.028223344808674611e-01 1.188660503871371010e-01
4.530364949108717926e-02 8.728412150875249076e-02 6.652602367500196623e-01
1.059020739977868525e-01 1.044561663940880708e-01 5.955147692847038154e-01
6.500608065912153455e-01 3.434425707989287591e-01 7.437505938817052797e-01
3.965904484349150327e-01 0.000000000000000000e+00 6.808997610308546722e-02
3.824679806733645160e-01 4.255271997230888892e-01 6.092981365836442897e-01
5.205920699440140798e-01 1.171880157456142574e-01 8.012690329864768923e-01
6.114294479199763321e-01 1.536200289980343137e-01 2.543070809585442626e-01
1.537804169907858731e-01 1.900029967471741077e-01 4.265755644753390641e-01
4.695364456082302684e-01 4.589677240912228839e-01 3.647841280577161505e-01
7.012698169228578360e-01 3.998163135956094849e-01 2.621548772664148985e-01
6.511016401345414151e-01 3.050517489812900052e-01 8.049423942123313802e-01
1.504278373670198121e-01 0.000000000000000000e+00 8.278979509089268163e-01
4.573093905097893042e-01 4.593754805658626927e-01 8.480772397381668437e-01
6.962190352020860562e-01 4.734727165744975763e-01 5.811665872857082471e-01
3.332529882878835781e-01 3.435005075922773488e-01 8.781753121088127223e-01
7.629419434005675349e-01 2.613228069382082519e-01 7.173294238949079471e-01
7.084241780154043600e-01 0.000000000000000000e+00 5.398743243027902539e-01
1.630602697402298573e-01 2.187182306676942745e-01 3.154670108672236739e-01
8.726567550096961390e-02 1.566528671614016432e-01 5.959249534190176334e-01
7.518105025582593193e-01 4.898155769570075591e-01 7.309410450311356611e-01
9.573477370087539462e-02 1.119411029473240254e-01 6.250610112012729980e-01
8.265313948265094746e-02 1.530184328393775495e-01 2.937313830995874064e-01
6.986732111358233410e-02 2.899714039858505843e-01 7.068800568473897206e-02
4.036462042444096121e-01 4.220675796364408705e-01 5.279282278097761072e-01
8.879515300253086885e-01 7.568614109358756670e-01 9.248849566296674096e-01
7.421252725340462542e-01 6.461343993065941094e-01 7.194434952173710540e-01
3.559869841026371273e-01 3.175452543958227208e-02 6.584187195054654884e-01
4.305654465175901002e-01 3.023583095248327246e-01 3.564488323326610586e-01
8.467893024224031340e-01 4.148073154666523932e-01 2.025642705421099588e-01
3.707010835624993117e-01 3.914082125595782502e-01 5.687926008684098811e-01
7.876370887337985627e-01 4.500265758748037692e-01 2.259695543039529353e-01
3.511881936607759158e-01 4.396191774418984344e-01 6.711066885982385211e-01
4.226770238734346430e-01 4.877287529358585449e-01 2.662992125054814418e-01
6.133686851533312057e-01 1.013147684471443072e-01 8.737836860031599207e-01
7.964458273531055399e-01 6.517926537771323581e-01 5.058886506476483191e-01
4.634338742015711166e-01 3.988795253619030132e-03 4.134378683173184355e-01
2.918168571209448503e-01 4.373508946191394520e-01 6.198738049329511890e-01
9.399274703362439642e-02 9.244087853785507014e-02 8.104719124200805425e-01
4.086860298226200339e-01 6.747601944974482846e-01 3.984050624394682716e-01
2.506546295180392958e-01 4.270561191937664591e-01 5.560774828976823292e-01
4.781260613763105988e-02 1.272149530083369340e-01 5.577093665399521782e-01
5.461637066821513342e-02 4.724965389697356050e-02 7.695355358155669956e-01
4.061222924632695297e-01 9.865225729538713850e-02 6.638431833593902986e-01
4.507028365453091268e-01 1.061500527573778774e-01 4.069959117330957943e-01
7.423772638129567669e-01 3.071247102383539707e-01 4.753916078096698250e-01
1.296221226430598339e-01 5.526715960424963270e-02 9.516968343818112963e-01
3.780088306509044038e-01 1.449720065380619427e-01 3.545236227698819742e-01
4.478871079070480959e-02 1.470804851527645341e-01 5.612339991300554498e-01
1.665224107896091932e-01 0.000000000000000000e+00 1.870610808440468231e-01
1.896398715940091906e-01 3.704933647791812112e-01 3.262935112411109451e-01
4.690981999057771690e-01 5.238277252317937727e-01 8.742788579293314655e-01
4.793421932006179387e-01 4.886393931283425918e-01 2.877320712646242451e-01
6.391265763150110191e-01 1.131960655181000058e-01 2.564890244758938342e-01
8.221379816594173162e-01 3.674136322310985747e-01 8.146428063441026879e-01
4.697774807445794232e-01 5.480514235887550267e-01 8.737411921072310017e-01
4.685942173479561434e-01 5.294493150814587601e-01 5.227339392254660988e-02
9.693994938262136263e-02 1.694120118173849387e-01 2.034377561806486601e-01
3.433655078719884401e-01 3.883432988282761733e-01 7.564645314664348863e-01
4.537267318922353909e-01 2.070699714412719272e-01 4.445988782791860383e-01
1.394826509482541277e-01 5.777665452208861907e-03 7.146086341694598554e-01
2.459325320741073406e-01 2.923661247775922734e-01 4.133517001394625967e-01
3.677319689283796711e-01 3.573024189232657521e-01 2.978314538637279463e-01
5.358320642468199502e-01 4.215931384862884879e-01 3.825253296080350918e-01
9.599772112234723764e-02 3.251604053261886729e-01 3.624540460976143907e-01
5.116080330437259294e-01 6.054837079299169034e-01 5.493540042529306833e-01
4.037448095274615567e-01 4.128321584003402656e-01 2.350012777678428533e-01
7.410625267055974685e-01 5.607722783342827810e-01 7.605681433885694842e-01
1.873500377986918406e-03 3.887524893819592209e-01 2.237185582057188774e-02
2.922441466808365917e-01 4.922040834062283987e-01 8.823314512078594962e-01
9.574572984343672488e-02 3.625306886939932971e-01 5.929126083520572799e-01
7.304241122785489759e-01 4.674048891291980312e-01 2.922759671640223211e-01
7.530375905251278645e-01 4.222667732155527265e-01 3.026037544537438784e-01
7.668751985800839055e-01 2.346105034148051049e-01 8.952519563422435267e-01
8.984913391693052365e-01 3.997608147366344955e-01 7.582699318504143582e-01
2.744951957314868407e-01 4.342738390186042241e-01 9.473518335230803888e-01
3.624839766415040576e-01 6.770832591396606093e-01 3.303983035492435993e-01
4.533542230451502730e-01 4.340805729662046697e-01 5.835615904757014416e-01
4.318582713398266826e-01 3.118054486303565298e-01 2.206849661907940574e-02
1.375653260000219147e-01 1.764080708247660889e-01 2.721527466696884723e-01
4.320226134782465532e-01 1.703545363672645807e-01 1.421556563211736068e-01
4.164429787560395835e-01 5.095139432876234081e-02 6.730637685829643502e-01
7.593264163553296031e-01 3.195030591057111957e-01 8.588258346361844486e-01
4.163334173304262809e-01 8.187989023941423528e-02 1.432923680372718833e-01
5.074994795832283856e-01 6.266891479271176069e-01 7.548302870521689245e-01
7.263155588180513211e-01 5.415039445061125001e-01 4.602448946830102749e-01
2.490331204189628889e-01 2.172969627305323670e-01 7.271756136974353302e-01
6.521096052501834661e-02 1.609939678333202340e-01 2.755894405029388761e-01
7.922167563244333355e-01 3.980154449356908541e-01 3.341619643039470122e-01
6.610717298653490115e-01 4.291882601126832397e-01 8.503961080312874010e-01
1.457276522082105452e-01 2.703633846349616232e-01 9.330969020179289419e-01
3.055010791800422676e-01 4.233072453640884802e-01 3.361314383416520446e-01
1.225773229761265709e-01 3.178668705225961011e-01 3.205202433247695826e-01
6.222650729131287139e-01 1.896007853781682961e-01 5.012237651834525742e-01
9.390509789313378208e-02 9.197442042771024340e-02 9.818604181753475268e-01
5.383848454636091380e-02 2.870458349349208071e-01 1.647895578333070654e-01
1.181510413813504495e-01 0.000000000000000000e+00 2.211411853790307969e-01
4.305325780899060817e-01 4.743464053302997585e-01 5.372880985811169519e-02
1.436678974066810666e-01 1.142045099013358350e-01 6.971831858736124432e-02
7.691650323754012364e-01 6.531364336433221895e-01 7.796154420457034051e-02
5.128899017234012092e-01 5.466219814010464528e-01 1.888971712639750389e-01
1.281539995398420229e-01 1.712624996122011009e-02 7.623534772105826640e-01
4.840752467871111686e-01 4.588514202808127163e-01 1.312400368044354115e-01
2.437741719895259243e-02 3.047549424219654357e-01 3.581786880127670325e-01
3.184512396875308071e-01 5.535799417085111029e-01 2.698627978335195188e-01
4.650882517283314727e-02 2.542777024275468256e-01 9.424874628252185582e-01
3.766612251158611979e-01 2.067000746533747269e-01 9.456809971428756789e-01
4.869019315679335436e-01 1.127362997768238256e-01 7.507538240079888459e-01
2.215332025900320842e-02 0.000000000000000000e+00 6.973437183693440566e-01
2.943477260526113914e-01 6.130389621589085181e-01 5.248320753369558611e-01
6.252670559749323731e-01 7.587458864040176609e-02 8.592183129805277542e-01
3.608076868296209994e-01 4.068159099979641313e-01 8.968141972106299376e-01
5.693578604844806712e-01 4.985281329739276179e-01 7.003100283823814332e-01
4.868033262848815990e-01 3.989903318693138745e-01 2.429352422535693487e-02
7.347846570179571435e-01 3.605008932161321011e-01 4.769172567121173767e-01
1.891249328936268070e-01 1.214639136236983219e-01 9.337620495278161625e-01
8.735113341294796774e-01 4.528366059574798208e-01 4.080340612183590010e-01
1.562236367819617999e-01 1.684010338945059887e-02 2.791164338650382049e-01
6.707350476044393606e-02 0.000000000000000000e+00 3.474289127287513712e-01
8.422972839722590033e-01 5.929998586476089573e-01 3.340757961260911180e-01
1.251848849057223823e-01 1.972707181279876321e-01 5.136426062686758609e-01
2.731366340538823184e-02 1.629448411611661559e-03 1.975328752255274822e-01
2.181367983960207368e-01 5.629400800187425030e-02 4.364477227698229655e-02
1.198492434783561406e-01 0.000000000000000000e+00 2.826080156471967864e-01
1.940990216164692750e-01 4.755927156241812614e-02 3.600053353447110194e-01
3.439133150000547867e-01 5.283942631293162551e-01 6.958145283089023359e-01
2.232314046870377822e-01 0.000000000000000000e+00 9.906820329315889628e-01
2.882451546459522396e-01 1.192680995952598577e-01 8.607569461289537038e-01
3.668554775234735277e-01 5.505348660706410602e-01 0.000000000000000000e+00
5.033690138376080148e-01 4.404159517583458028e-01 4.701400705044556094e-01
4.655264974307845444e-02 2.549249979050495218e-01 6.381874936923122299e-02
6.671195205592014843e-02 0.000000000000000000e+00 9.966087510276735451e-01
8.231349906324980648e-02 0.000000000000000000e+00 6.639063340102847599e-01
3.052600440436931128e-01 6.042282673327932230e-01 9.972768495025559066e-01
4.277058933090837622e-01 1.287392834260760177e-01 7.769076365662335171e-01
2.105551477435824437e-01 1.591334892878358553e-01 1.576494029312525413e-01
6.892618846756434214e-01 3.438522871815943849e-01 6.588324447977733644e-01
8.519277332836654448e-01 3.162389039926624679e-01 8.970083707073051027e-01
3.061146231634765957e-01 3.824481823024225013e-01 4.923301468813316428e-01
2.403777677955145492e-02 1.920490451208591298e-01 3.015579324594935273e-01
4.061661170335148507e-01 6.331869600722278557e-01 5.467010867223690562e-01
1.707514818182814254e-01 2.854111760361184857e-01 4.795129255217748798e-01
2.802252582910608747e-01 5.577955126615077308e-01 5.227610881034207013e-01
9.616206326076714994e-02 2.047500139703199995e-01 7.504728921404589803e-01
3.179034325594644605e-01 5.135419367017587389e-01 5.726318063269869585e-01
2.400490835186747385e-01 5.892473996203227982e-01 9.392638286646116663e-01
1.415095373220996433e-01 0.000000000000000000e+00 2.027112285988641183e-01
1.202546207531252354e-01 0.000000000000000000e+00 5.439749852599298219e-01
8.662474116113199063e-01 5.068080751461242484e-01 3.379031977246879648e-01
4.027368444118195057e-01 5.192254787660935955e-01 6.810225211746493423e-01
5.479276456345250068e-01 5.875393158745044475e-02 9.664611024451106314e-01
1.265434465833269358e-02 1.961781889101807050e-02 7.744778119892986590e-01
7.844598073910137304e-01 6.956579289345954376e-01 3.629722355507474241e-01
3.376354453124144062e-01 6.777478113683174099e-01 3.630613546935983482e-01
5.977561820034402729e-01 6.757504738794691823e-01 2.131965974193220925e-01
3.260986271953370541e-01 4.471171641144282109e-03 7.117951841431667814e-01
7.570694509876962908e-01 5.224359993229235055e-01 2.372304367251134860e-01
5.184884905722393356e-01 5.465236513813120922e-01 4.867929561645953362e-01
8.019786793465756292e-01 4.366544580330870007e-01 3.456701375916937935e-01
4.871210544191600933e-01 2.424278116876390221e-01 8.382298695496414043e-01
4.997863552200541015e-01 5.478303364029157851e-01 9.092472029278294565e-01
3.091932992232094835e-01 5.554684804006090326e-01 6.506269915325010311e-01
7.769000690236980977e-02 1.922659734774729290e-01 1.216688769394479730e-01
6.694203104970801455e-02 1.461729043289062280e-01 9.620771488484449740e-01
8.657105606258148622e-01 3.720081824725998687e-01 2.379829327988545462e-01
2.003768913041096555e-01 3.815482499001283667e-01 5.480726952520743600e-01
4.785533509362023818e-01 2.199572749610898548e-01 1.576818635461982587e-01
2.418568470412937044e-01 1.240747979298973402e-01 6.576042531668281343e-01
2.578528151808311408e-01 4.803723576675354434e-01 2.301097581920263646e-01
2.772013629441346105e-01 1.560968269136864539e-01 9.276736185500020770e-01
3.534013344581639626e-01 5.631285180050297212e-01 8.911076211031769834e-01
4.048404237835942499e-01 1.470397095053005698e-01 1.682805494224666465e-01
3.428177007439220936e-01 8.582040483190944702e-02 1.140176149002485317e-01
4.267746211913709398e-01 5.309428606024021446e-01 1.187816527882783052e-01
3.862807182847063370e-01 2.865487353358844858e-01 4.714845301562063384e-01
2.831834167826191573e-01 4.639753368998241201e-01 5.967004670197201266e-01
3.580467389041666060e-01 5.058949014139971778e-01 4.927338388926562618e-01
6.794780493683784117e-01 3.364476590547822443e-01 8.603969283995559492e-01
9.941603760148126634e-02 1.136316431261795001e-03 8.355952480020491929e-03
3.615965290940365562e-01 6.130201279208067344e-01 3.985071658282975382e-01
4.885124845244486202e-01 1.729389380137976717e-01 2.905679486248798349e-01
3.567867825096140422e-01 3.989934868432091220e-01 1.488236568240180469e-01
4.225017255924534143e-01 2.918024361083129126e-01 5.786901374618513838e-02
8.290293953304920249e-01 7.747743966602401722e-01 3.445647061045432058e-01
9.936125688867462891e-02 3.060309859546776479e-01 9.978493367115980339e-01
5.850032320620556225e-01 1.098837253491970478e-01 3.296823994414412873e-01
3.136853176733535586e-01 3.662406033763287438e-01 3.235733117086618538e-02
7.782805429864253499e-01 3.037192027342724976e-01 9.703628683615829198e-01
7.794418940979259691e-01 4.991923983867758152e-01 1.975458594715057969e-01
4.125316358616458179e-01 1.832996332725267963e-01 7.937889269169911000e-01
8.418590382698060148e-01 5.257614374137551394e-01 3.443180054309559757e-01
1.086411096381186131e-01 1.288727961850055503e-01 8.917550628230938026e-01
4.260734280674460250e-01 1.604565228105329644e-01 1.906760129629990475e-01
4.281112705838528432e-01 7.016392336109502637e-01 4.674487904289581497e-01
5.266727290655506266e-01 7.418653419855464337e-02 7.657518084988972074e-02
7.970593713365398125e-02 1.178210182353188751e-01 1.312270525584571523e-01
4.580105836337142189e-01 7.329176448081629880e-02 5.939259697313619135e-01
3.907508244497277516e-01 5.962862897884633195e-01 9.546607836228525323e-02
7.445356238975381347e-01 3.103153927017518465e-01 1.854386402897611683e-02
4.589747241791110044e-01 5.022276744845166618e-01 8.909500395724406774e-01
4.255804016521863020e-01 2.093940877414492974e-01 4.410807378120719102e-01
8.129129096227800666e-01 6.535092463919407457e-01 9.955304684184775876e-01
1.555881805134048390e-01 3.976031472107472986e-01 2.297343954446543768e-01
4.281660512966594528e-02 0.000000000000000000e+00 3.276096416289090429e-01
2.694115455830311395e-02 0.000000000000000000e+00 1.706023686805822337e-01
3.508923778116200820e-01 4.826057923695426521e-01 7.005543682839725506e-01
1.410055547642785900e-01 4.114348873858359595e-02 8.743567634052011872e-01
1.082466885059108347e-01 7.445566303234388283e-02 4.191090328448305313e-01
7.974318801836249859e-01 4.815053757169976967e-01 4.455213499366427188e-01
1.919625738170105123e-01 0.000000000000000000e+00 2.539671297911130221e-01
5.509077164112059499e-01 3.413498670537022939e-01 5.209379819294707170e-01
3.674251969366625348e-01 5.442113901345592142e-01 8.481964587239673170e-01
1.035574594896628842e-01 1.536648200668194741e-01 6.388130982712657557e-01
4.103842319196257526e-01 5.602781903012373776e-01 1.773411923433081960e-01
1.941866707569598893e-01 3.047167003141446062e-01 8.703983389608235255e-01
4.806350180228545210e-01 2.748500443297733908e-01 1.166923695717736742e-01
2.892421636190330072e-03 1.850826237470391544e-01 3.254595685335061606e-01
2.819672849583118590e-01 3.984975345074074360e-01 3.748209501989245296e-01
4.336879471475683090e-01 4.641847124401433655e-01 8.868116062633641938e-01
3.423356304712236731e-01 7.326284388677678505e-02 8.455942977913206704e-01
5.430631183372958137e-01 4.677863063520762976e-01 5.804300264229405037e-01
7.726271734247805445e-02 1.258943096173786302e-01 6.472705639471163508e-01
3.888663679291795017e-01 4.416454355247861341e-01 2.912868036976771768e-01
1.203641821787385102e-01 5.763353343356908409e-02 8.248814744909733765e-01
5.424167059261775226e-01 1.493788836354324467e-01 9.850114585970758396e-01
6.282252144664905724e-02 3.793372824364658613e-01 9.347996088200801745e-01
7.173972587731312078e-01 6.093227853314173714e-01 9.202265632884609747e-01
8.465592234286152262e-01 5.130447893000876780e-01 3.211623733076953147e-01
3.121405015722064635e-01 1.901303429662175304e-01 4.514663640156967306e-01
1.484119071357356545e-01 2.005046141732230724e-01 2.652958844071599542e-01
4.071959944342795623e-01 4.593969917515119405e-01 8.366339876803115250e-02
1.794725712970977050e-01 2.293357694830752136e-01 7.432294534635772720e-01
1.188522345052753781e-01 7.721459209844436233e-02 5.420686618731190842e-02
3.879022273837827162e-01 2.205982126881673167e-01 6.055079171439852193e-01
1.743889211486419899e-01 0.000000000000000000e+00 8.077204326586837624e-01
6.717211004349588066e-02 2.908584774793900041e-02 3.016263948473790202e-01
7.387946051954028537e-01 3.135011036911330429e-01 3.933181889809786447e-01
3.325627513065200214e-01 5.886949923728506118e-01 1.156258908225578919e-01
7.635993119542471286e-01 3.353341922829434218e-01 8.814296363053681915e-01
3.668226090957895646e-01 4.217293759954002796e-01 7.041126418750196514e-01
4.719358408291608464e-01 4.821754252486537551e-01 3.359962841448781989e-01
4.200913742289614783e-01 3.461682292312251441e-01 9.799983592634627927e-01
1.568700491930800911e-01 2.200066072801787342e-01 8.915526266244324649e-01
5.880161712664205148e-02 3.554088131518815530e-01 4.641041667035537138e-02
4.151720662189256617e-01 5.003774257028743566e-01 9.409222709918371175e-01
3.963055887283205569e-01 4.755466816868918478e-01 1.479613848524606113e-03
4.395933079881235162e-01 1.184802165688808029e-01 9.253228798349347750e-01
1.202546207531252354e-01 2.838780977362154179e-01 5.178258942456772651e-01
1.391977912416596241e-01 0.000000000000000000e+00 5.588230607290889385e-01
1.368970013037809630e-01 2.657434989970289818e-01 8.007561552703349461e-01
3.909261227307089803e-01 4.673498204939360301e-01 3.156411178019324359e-01
5.061956986184303897e-01 1.478084236751344427e-01 2.890470212664243421e-01
1.260504201680672232e-01 0.000000000000000000e+00 9.573845243132956817e-01
2.501725592453408753e-01 2.131756107706793413e-01 3.173532676920679529e-01
5.467224699527790666e-01 3.984017858299510051e-01 9.711295290673003233e-01
7.880972467213743782e-01 5.366636409192274693e-01 2.263567209113051815e-01
1.454866170718613350e-01 1.866567167075801337e-01 9.420294730579846787e-01
5.380780734718920710e-01 3.364447430940608608e-01 7.142356321940839248e-01
8.450363196125908472e-01 4.701924519735293240e-01 6.215818234720936752e-01
4.102746704940124500e-01 9.517389857590692614e-02 2.224584961528269511e-01
6.836304273991212765e-01 4.304771625541502500e-01 2.857885657188757311e-01
0.000000000000000000e+00 8.473064816691953938e-02 6.130435013553783286e-01
1.695572622790967876e-01 2.192582570327594738e-02 4.830163111639136364e-01
4.450932915539096979e-01 4.782136862863179960e-01 1.360406666584039748e-01
4.021561688560691405e-01 2.489594680981707317e-02 8.704473249797416434e-01
3.131265544027259096e-01 5.104467639026434300e-01 8.443779100203557819e-01
2.833477589210390835e-01 2.115740790977768959e-01 8.042477370524935276e-01
6.955835789335290675e-01 5.753216794652643573e-01 4.898991419183987284e-01
3.718953031016839494e-01 5.070297359635808077e-01 7.393359502490909341e-01
3.297689349533816094e-01 7.498574644937565370e-02 4.031655591695039731e-01
1.503730566542131886e-01 1.216784518485733019e-01 1.364231117217641273e-02
4.028354496948714503e-01 4.906492071048673131e-01 5.792372463719360765e-01
7.083803534451590389e-01 4.716339882278363094e-01 4.037286032905620381e-01
1.635423400129282501e-01 6.821627193083303065e-03 3.322727565141076617e-02
4.736449990687278677e-01 4.710122671599388799e-01 8.972562517668902782e-01
7.240585934504180088e-01 3.153350517743166992e-01 9.752455350424142910e-01
2.169973595696427227e-01 1.243961750434968150e-01 7.792465714213204775e-01
4.500892925618747986e-01 4.977103254981787295e-01 3.913050406613466370e-01
1.125962771027576581e-01 3.386075255018691221e-01 3.667654059554014134e-01
7.684638392514762939e-02 9.943273091337592740e-02 7.396800327675152609e-01
1.892673627469240727e-01 2.499332077685591236e-02 9.568810896851379644e-01
3.462141049379334756e-01 4.953309015495654388e-01 9.110638169787902418e-01
6.568864834069221281e-01 1.631488150037556095e-01 6.104094700007849372e-01
4.621410493793345342e-01 3.248929017819818243e-01 6.557026513240095111e-01
5.669036845507433586e-01 1.956100545958671943e-01 4.405672699029308803e-02
5.690620446353247819e-02 1.321174478230656146e-01 9.225714000735381060e-01
3.377997874508343323e-01 5.998006438919298855e-01 8.270297770073792298e-01
8.738619306914421903e-02 2.728599250387763187e-01 9.413554726531123684e-01
1.599815936804969696e-01 2.178856043751648264e-01 2.211158070800732511e-01
4.554578024169250727e-01 5.565329494718024295e-01 2.581486471891173418e-01
6.028946128647025837e-01 1.540412658156809778e-01 7.096657678027291916e-02
6.395100413046574117e-02 2.264007355104597219e-01 1.694739196664701505e-02
4.361421230813055105e-01 5.181579025236396907e-01 4.929097164063620529e-01
2.294654498044328417e-01 2.005220621349163568e-01 1.382981548796271831e-01
2.426347331631479309e-01 7.139925338976848002e-01 5.237526123417618473e-01
4.620095756685986266e-01 1.582601351504772103e-01 8.975059034054726492e-01
7.680255935490232222e-02 1.420661321726598703e-01 1.957375081225311633e-02
4.171003473097192188e-02 4.427320850185155754e-01 3.167276631131146214e-01
3.203685646357630201e-01 3.724701471350757576e-01 6.552676790837371756e-01
5.773448884116879620e-01 7.077036670691808085e-02 6.064787846273610450e-01
4.661290852716575284e-01 1.757840074277646214e-01 1.434233908830526705e-01
2.677352557711480951e-01 1.053076269247193164e-01 8.081176325470191824e-01
1.757036582560012328e-01 2.770992060986218752e-01 5.516752333180472423e-01
9.305051877335028532e-02 1.464353885964615742e-01 8.435805592786897733e-02
7.458941855751427541e-01 5.369714898871852382e-01 2.899801163978632523e-01
6.465877093992746794e-01 9.395942483678626500e-02 2.680066408516248652e-03
1.293920436492719539e-01 4.119018713249633090e-01 8.042146862445490041e-02
7.519200639838725664e-01 3.159748900407942651e-01 6.387948022882963262e-01
8.358441160036374218e-02 8.186865662024185586e-02 6.404426211415396031e-01
7.887546152750539719e-01 4.836405282019053398e-01 7.661667141772030565e-01
1.467903980366592476e-01 0.000000000000000000e+00 6.509958621568839865e-01
2.875001369517820038e-01 4.696502266872644715e-01 7.942020620163000588e-01
1.222705509844094068e-01 7.902200971932731022e-02 5.782669690815592789e-01
8.403470905963428272e-01 8.689955887250602196e-01 8.690680439410491953e-01
3.525029307681351587e-01 3.241556895484654088e-01 5.218392066389629935e-01
4.934975293898524185e-01 3.923042729484554902e-01 9.136583054024497441e-01
4.620534002388438921e-01 4.819391368249557051e-01 8.118629973187533322e-01
7.647497069231864453e-01 3.006184370268883410e-01 6.589091698876449466e-02
4.572765220821053411e-01 1.766755265663381702e-01 9.103331580460126693e-01
5.147086213885815331e-01 3.215277397016513272e-01 6.304583261772432889e-01
8.684605524087078976e-01 6.200001252429030441e-01 9.248719723836892337e-01
5.056259792052414381e-02 1.272214541666664700e-01 9.034538684495216909e-01
3.605337832655878261e-01 3.380967543492868765e-01 6.587911312878425019e-01
4.102418020663284870e-01 4.361209328263513374e-01 7.777752202747820753e-01
6.234045117395067316e-03 1.789704832593022044e-01 6.128505082447012198e-01
9.557043156245549620e-02 1.119203088011964387e-01 1.287830633495459509e-01
6.599980278943388956e-02 2.590486921940065787e-02 3.489173794722612021e-01
5.724803611144587689e-01 1.104636669143002348e-01 8.472792988035017236e-01
9.157143952757113015e-02 2.976477422887299218e-01 8.417096474718198662e-01
2.866784262596824839e-01 3.479016483734747034e-01 2.880708420460574848e-01
2.023709092502711526e-01 0.000000000000000000e+00 2.291737120955923968e-01
3.709749871265324850e-02 3.450499821959086555e-01 6.478383296121664747e-01
4.551619865677692389e-01 4.195698919693915951e-01 6.552960083476898623e-01
1.148203740427070491e-01 1.344892711527495288e-01 4.829330939510528831e-01
6.457550425646138570e-02 1.084529924903494813e-01 8.327469765888143582e-01
7.968402484853133461e-02 3.003739265500087741e-01 3.364902756850517429e-01
2.440152071258751276e-01 3.594796855294110638e-01 9.594838408107835281e-01
3.436832360062669345e-01 5.611658852290288824e-01 1.533439450034555611e-02
1.173183745466895994e-01 1.791108795976394941e-01 5.171235645768522682e-01
7.599618726238865918e-01 5.779259670078643607e-01 3.071807011610866445e-01
4.137039431157077951e-01 5.884697463577858167e-01 1.523777990640719504e-01
1.424736778674964011e-01 0.000000000000000000e+00 3.955467577452502770e-01
4.150734609358737170e-01 1.304438297769208721e-01 1.949678964518187230e-01
5.758000723105408669e-01 5.169540409694393102e-01 3.579496931291500927e-01
4.272566914640693048e-01 5.817708763308073738e-01 4.975616176245793998e-01
7.636212242393698446e-01 3.201997825075723059e-01 1.410136328680841877e-01
1.290962278001161478e-01 1.736512928772305508e-01 9.692875367173818812e-01
5.219068070513733781e-01 4.808940756234814096e-01 5.259829516850305087e-01
1.724935084855324097e-01 9.023579079827005744e-02 4.455992554125124405e-01
7.566092930001204753e-01 3.933738569015698960e-01 1.149282826977249955e-01
3.621772046497869213e-01 3.736771158605365906e-01 2.803098041090417158e-01
3.142331248014199052e-01 5.868839417517246471e-01 4.464751018230471435e-02
3.729690050726939821e-01 4.806716021612335576e-01 6.578421009454301638e-01
3.278954345753947175e-01 1.718983702599923002e-01 8.763162041619230180e-01
1.066470916919571021e-01 1.317215942044850374e-01 8.377783719053968348e-01
8.046191097038554729e-02 3.719518709688336977e-01 3.021150746505614215e-01
8.093302510052260978e-02 4.479345891690988436e-03 2.305754204682473330e-01
3.720377329549812151e-01 4.054412496297088442e-01 3.062641314336200793e-01
1.088602324893451490e-01 1.847851001481929378e-01 6.427555875046697675e-02
3.954510096085370185e-01 4.629068046046748708e-01 4.596588330349907769e-01
4.364379389304613444e-01 5.075327630893293751e-01 8.019625097603166886e-01
7.065178092097333939e-01 3.443327036610938641e-01 9.582408943548630376e-01
0.000000000000000000e+00 3.633676172236526281e-01 7.167592974578617104e-01
4.331949207323085860e-01 6.625956668154443785e-02 8.356625300039366433e-01
7.337547796171923764e-01 4.364023469372780295e-01 3.499449054835421236e-01
1.646598665541836037e-01 6.517635897751884733e-02 3.657337485931274057e-01
4.920294062866346074e-01 1.520792544739322238e-01 2.113911970353425374e-01
4.183383914191491360e-01 6.389020040728800032e-01 1.273961098018663307e-01
4.094529598019129302e-01 2.011399589920317144e-01 7.605291906506347344e-01
0.000000000000000000e+00 1.954360530052823286e-01 5.128299105090355914e-01
1.948659515957621713e-01 1.590571006774637031e-01 6.736161892300401854e-01
4.278921477326262934e-01 6.230227336424283557e-02 7.285897161230694419e-01
4.058703011843590169e-01 3.823866125088309365e-01 9.328631855903199988e-01
7.050277738213929501e-02 1.060017689843025107e-01 5.095608314875046396e-01
7.917456421942962175e-01 3.705568466781637982e-01 1.129009697461166861e-01
3.084373253864779452e-01 6.763740592501229498e-01 9.386287809976741059e-01
2.841037327577706217e-01 4.190245595118662347e-01 8.950394868625989597e-02
8.258740262728297976e-02 1.629589907410598781e-01 1.084420616385764341e-01
1.440732746814501510e-02 5.980209996018517882e-02 6.562001840221770577e-02
1.346729043638315859e-01 2.944938200514747861e-01 9.065417582203556535e-01
5.395681088602325426e-01 4.945364217595872580e-02 9.348692515939637238e-01
9.887918661597625003e-02 0.000000000000000000e+00 6.099520704265501969e-01
1.472286437391123470e-01 1.125776428320020839e-01 3.195582287363790130e-01
7.634568821009498629e-01 3.161925832395645064e-01 9.007230454430903421e-02
2.780011613511115254e-01 4.897409570441221827e-01 8.556305297395302434e-01
6.054802625091757484e-01 1.657352721635840520e-01 7.258565323446420914e-01
4.198832075202962311e-01 3.579307367547622798e-01 9.272740578896705443e-01
7.630186363984967635e-01 2.210448805075148071e-01 6.988097577788913162e-01
4.827057289669453022e-01 4.300304469321679646e-01 8.471175859217723314e-01
4.526639860637866608e-01 5.528124226045466605e-01 3.564175521037134600e-03
3.190319152432811722e-01 1.644863805274246471e-01 4.554814469879794880e-02
5.659505001479079311e-01 8.000263296912346611e-02 4.317792961476332181e-01
3.319711196082083399e-02 2.255969342067002115e-01 4.123082389172083029e-01
3.910795087265675485e-01 4.925964952351050696e-01 9.297499175205283795e-01
1.683959111675960990e-02 9.976003555368763431e-02 7.071432829249493235e-01
9.951464288453321094e-02 3.029836157903383898e-01 6.670060276410989530e-01
5.230900704479967134e-01 3.946072126814270664e-01 4.187643601334072319e-01
7.819618068870312078e-01 7.680500956315610139e-01 5.742495253372804642e-01
4.161142944791997866e-01 8.237354804874663650e-02 1.825655807705677813e-01
4.643761024618452415e-01 1.809351237459635997e-01 5.168603384992925820e-01
2.485620062888258264e-01 1.222581544005026249e-01 7.234703820496339588e-02
4.328991048831527522e-01 4.709620743934240239e-01 6.456799938147773643e-01
1.302137543413715015e-01 1.758729203284480624e-01 9.183692259205682440e-01
5.416716882320072451e-02 4.679725454171637655e-01 5.027352494539238936e-01
8.023183197659767840e-01 7.150795180098576953e-01 3.101765208240746530e-01
1.926637669409354270e-01 5.345361368558839699e-01 7.597572182079261882e-01
7.530923712379345991e-01 3.598837133985383629e-01 9.775549602475505084e-01
1.513919779124165976e-01 2.511455781917496521e-01 8.129595759109187192e-01
3.468933857767357298e-01 6.666914921683270157e-01 8.413207102854705077e-01
9.497441740711930480e-01 7.436781613041592021e-01 8.433108410781410269e-01
4.734587446451853365e-01 5.967465813587219392e-01 4.056732892223086084e-01
2.639444304449289347e-01 1.107731411718404918e-01 8.321609149407949158e-01
5.756795547423663173e-01 4.813593386677568753e-01 4.514758071036809595e-01
6.777579349862500324e-01 2.768839030315904948e-01 9.527644935170250795e-01
5.248320971152476977e-01 1.978280968494765535e-01 2.802460632651483374e-01
4.074589418557514331e-01 6.180649789818984940e-01 1.789595015466007577e-01
6.587928522125929831e-02 4.483044859569960683e-01 1.807383432456247663e-01
2.982590689470051570e-01 3.996951339164521722e-01 9.691252336426535718e-01
7.562696525807194314e-01 3.795245253568836907e-01 7.813482486908044367e-01
8.616129633078785099e-01 5.131796405327909705e-01 4.158688732802513499e-01
3.314671370503872727e-01 5.541627036290660557e-01 1.682238908945614397e-01
2.377921181510413706e-01 4.827280237066650659e-01 4.152550725612782490e-01
3.833006475080253939e-01 4.445178958484797827e-01 3.211718163956794880e-01
3.431025604505165694e-01 5.333959962138400401e-01 1.280193536088236328e-01
8.366986951234209879e-01 7.717209555612843941e-01 3.288744252257930767e-01
3.062570530167738614e-01 5.244761679725310488e-01 7.204078705777576808e-01
1.665333669321705226e-03 0.000000000000000000e+00 4.015212814742548653e-01
1.002048798658968093e-01 1.519627116503481923e-01 7.622555051727465392e-01
8.255015174257447352e-01 8.425381688502830979e-01 1.999396822755009073e-01
2.889792161975611728e-01 9.540607597301425935e-02 1.573867670466919388e-01
3.862588059995836764e-01 5.086423578477513585e-01 2.449448494152072775e-01
2.103360248923558939e-01 4.602599727171242661e-01 5.809305100861031912e-01
1.371489925826914758e-01 2.228876242754972981e-01 2.917011191829840255e-01
2.788666966134563108e-01 2.750586072253012881e-01 8.154023847338317532e-01
1.372804662934274111e-01 0.000000000000000000e+00 2.124104603446373002e-02
6.818007515913797612e-01 4.462056634745182326e-01 1.162455934715211220e-01
1.042696087561491292e-01 1.838566773755722639e-01 3.652185101049894023e-01
7.796500608065911608e-01 5.107751680035549358e-01 3.995742347705122377e-01
1.745313510019392417e-02 2.271645260089116547e-01 2.113180131034649578e-01
3.702518817174849097e-01 3.334855209882486848e-02 5.699080656365438369e-01
4.350684211102954779e-01 4.955142724565663737e-01 2.978951947076212692e-01
1.856080111314408476e-01 2.205986429118802702e-02 2.075761894897250326e-01
7.582636705268809285e-01 5.420597457406537423e-01 6.300806026578752439e-01
4.871100982765987769e-02 2.591036652239990801e-01 7.445520759743644301e-02
1.024070645207235397e-01 1.658729915543739053e-01 9.553991150646172770e-01
6.095449913994280822e-01 4.071382431642591171e-01 5.864759635048256703e-01
7.218892772232752275e-01 3.970731593989850761e-01 2.434746786546668762e-01
1.178114009619493224e-01 1.256583080094892113e-01 2.615522902144230000e-01
7.729558577016204524e-02 0.000000000000000000e+00 4.732338622052796873e-01
8.660830694728999246e-02 0.000000000000000000e+00 6.900778523584997215e-01
5.855729514752445741e-01 3.489002932165814475e-01 9.332072681087443256e-01
1.007307747088405092e-01 3.504563645838118524e-01 7.535773073152651769e-01
6.783386105420003975e-01 4.489752047255390344e-01 8.880102882443588475e-02
1.712445082335411484e-01 2.648840076237554131e-01 6.960972307554293970e-01
8.676607540017310383e-01 7.241841034345762873e-01 3.165700815823782599e-01
1.344099569423597429e-01 2.636405654879604432e-01 1.471976751117382853e-01
3.690247937506163090e-01 3.694616883154442366e-01 5.425868513262521731e-01
2.857361979994083589e-01 5.410677454637808914e-01 8.910869643482115521e-01
2.094704896300110530e-01 1.708805087577056070e-01 9.032065775829354326e-01
3.385667174301271731e-01 3.513954951466223831e-01 1.485869894314139662e-02
6.906642709234932509e-01 3.404677172315448419e-01 9.614367894445162710e-01
5.602533060160178602e-01 8.740291105617101208e-02 5.975975603782194279e-01
3.863354989975129605e-01 4.836665328352234838e-01 6.820895901168642084e-01
4.686599542033240695e-01 5.406428756458911966e-01 5.024608097093830744e-02
7.032857471541419381e-01 3.987712045915004500e-01 8.188414393390782697e-01
1.691190165766436881e-01 1.155456606226130771e-02 4.216462725475857432e-01
1.577903651682315556e-01 5.010968075536194055e-01 9.996783448155380780e-01
6.947289998137455569e-02 4.440630537785855703e-01 8.426321191292764912e-01
1.546240399680080535e-01 2.040894771629843674e-01 7.851042369365206219e-02
7.000975096687958588e-02 0.000000000000000000e+00 1.111333417140739355e-01
9.634831768430970889e-02 3.906044112558187259e-02 8.410958467528466265e-02
4.758471837235546120e-01 7.210520748040485928e-02 3.845077878917184111e-01
4.199927689459095337e-01 4.474287416878985901e-01 3.016240340753830254e-02
3.732538647792885134e-01 4.805280030463663365e-01 3.241735379886576673e-01
3.376573575975370667e-01 5.311666247357889059e-01 5.831124536034528738e-01
2.436536544213513400e-01 5.385430971107179055e-01 4.266493386002155885e-01
3.147151950741183257e-01 4.963744330667268501e-01 1.497201599895181812e-01
6.252780121174936756e-01 1.854058173607601445e-01 8.125936562515307937e-01
7.934438442913018807e-01 6.539035703262084942e-01 1.427676864611496579e-02
3.099930976301863428e-01 5.032109746818603790e-01 4.605942889384256889e-01
1.084219867868920772e-01 0.000000000000000000e+00 5.447729261945948309e-01
7.211442595291049917e-01 1.963123709059971245e-01 6.400719799381595632e-01
8.375970988134497086e-02 3.881027081674481849e-01 8.673063178389964767e-01
7.810524470544411013e-01 3.727111202169818838e-01 3.020607768946523275e-02
5.618309905448489600e-02 1.333535283531050442e-01 6.444399983238519036e-01
1.502196706583545927e-01 2.976651902504232061e-01 1.688512660525118281e-01
2.436646105639126703e-01 4.861311888816425841e-01 9.790994953259666289e-01
1.653501035355472160e-01 0.000000000000000000e+00 8.082061614968711893e-01
5.496696723017759773e-02 3.591580694026377252e-01 8.037956492152499577e-02
1.111062417144171866e-01 3.939316180441370108e-01 5.818063564966379636e-02
3.897099909064016821e-01 6.985301980477499617e-01 7.355185819314774553e-01
5.137663931283074081e-01 1.703196404438780398e-01 2.621814359513704451e-01
8.959933386653226584e-02 1.544255511966457495e-01 7.852765732922323272e-01
6.111665004985045169e-01 1.726893126549970403e-01 9.152447441837956443e-01
1.257765166040340603e-02 0.000000000000000000e+00 1.954772330099666111e-01
1.102407064520723595e-01 1.879264502925019342e-01 2.870822687727113687e-01
8.121131112158030962e-01 7.052008167175757292e-01 6.810850816325446644e-01
7.297119630120627587e-01 4.905452363742294208e-01 9.602021056905819529e-01
1.303014034818621159e-01 1.332386586217381708e-01 9.261580029285377824e-01
5.577553055120353376e-01 7.224086657763585384e-01 7.808111730617030011e-01
4.370514829138956725e-01 2.478352935361420595e-01 1.311562293985756300e-01
7.221741369298697588e-01 1.849177524596965216e-01 7.490847582067812482e-02
7.195775311428351806e-01 1.676899697022120606e-01 1.637667533660181959e-02
6.901931567933562439e-01 5.267493744666720268e-01 2.516571143929776655e-01
4.037448095274615567e-01 1.822421433860107187e-01 3.860387485311571054e-01
4.017507915813000596e-01 5.285434073498176399e-01 2.228385804441910534e-01
4.259309982141487594e-01 4.219481208521354554e-01 5.908847052074499562e-01
2.944791997633472991e-01 5.341399964214947893e-01 8.717669965255337994e-01
5.066777688911288102e-01 5.500393439585524735e-01 2.483750511254685378e-01
1.398113352250939523e-01 3.727715427473388132e-01 8.661731472808922860e-02
3.865546218487395103e-01 4.854396281643371669e-01 8.079051630673746986e-01
7.483702737940025607e-01 5.088721929157546953e-01 4.085888426374308380e-01
3.425109287522049017e-01 4.619264203680525371e-01 8.973205828037826848e-01
3.807697785763588527e-01 5.158097414981699380e-01 7.740516926440115242e-01
1.468999594622725224e-01 1.343509303277076183e-01 1.291377693419525075e-01
3.326832688746945710e-01 4.697086415069608445e-01 8.188007160221464353e-01
1.173293306892509297e-01 6.794264964937483942e-02 3.992342836030809972e-01
2.665848608022087785e-01 5.317191753911654217e-01 4.768470237452349103e-01
4.986907409639214084e-01 6.406607586115610209e-01 3.897445703719573107e-01
6.768704874387825032e-02 5.794898302045632665e-02 4.931953698178840884e-01
1.165624007099580334e-01 7.497585130397700637e-02 7.650748571290297839e-01
3.244442496685767119e-01 1.598268187026278819e-01 7.738079429354193239e-01
2.453299442332343705e-01 2.581416371991308023e-01 1.135165410440868300e-01
5.601437445904046131e-01 1.825465027616299252e-01 3.480657309746860162e-01
5.877313115598260529e-01 3.811708002959365293e-01 1.807218178416524212e-01
5.633319820757507479e-01 4.339917078681558849e-01 4.330364072355300520e-01
2.723587479320280780e-01 7.336126951178068706e-03 4.517709036031872794e-01
6.763445925958389005e-01 3.979649175507325998e-01 1.612584331202146504e-02
7.792885081020674010e-01 3.390205402663342693e-01 7.174250351607479592e-01
2.988397445027554666e-01 2.482144640351857667e-01 6.452302667495297683e-01
3.336474094200913565e-01 4.943170554685998863e-01 6.412830559721334200e-01
2.045511816199752364e-01 9.929415107516012529e-02 6.011818024612229916e-01
7.735036648296867989e-01 4.852907229570097569e-01 5.854413551775565772e-01
1.389567561053104416e-01 2.238406176023928582e-03 4.771462515957342609e-01
8.939883645765999143e-01 5.364351443249978368e-01 8.226458234107134615e-01
7.664807774478761271e-01 6.930408302858754865e-01 6.008743119087374129e-01
8.900770216822061209e-02 1.699148477325943540e-01 3.141632745324048348e-01
2.067095417045566597e-01 1.683930508544984050e-01 5.050222473250977340e-02
8.861985472154964016e-01 6.946513966567506859e-01 2.236925897137622965e-01
6.123935884653730621e-01 1.447238152583046611e-01 5.219082592198475146e-01
3.460716750846362100e-01 8.824208630966479117e-02 2.879132605153211233e-01
1.160365058670143473e-01 4.888375828521241417e-01 4.740707558778795572e-01
7.679817689787779011e-01 5.242001555593340800e-01 7.148252350000974253e-01
5.823299332770918157e-01 1.018158356648670021e-01 8.712558893883889377e-01
1.313860615954334787e-01 0.000000000000000000e+00 9.476687671635501964e-01
3.628017047757825519e-01 4.535994404032362981e-01 4.878877641777637497e-01
8.121788480711711333e-02 0.000000000000000000e+00 6.017849797062136963e-01
1.159488567265237191e-01 0.000000000000000000e+00 7.489614078699876609e-01
6.427749717879328584e-01 3.134263881729780765e-01 3.188635715765412992e-02
3.836622002125491537e-01 4.760945476840603430e-01 3.474112069387810808e-02
7.761660074720891922e-01 3.554630691423523725e-01 8.727183876399422502e-01
1.535065134267526998e-01 1.935471318921062195e-02 2.705214532204175959e-01
3.836293317848651907e-01 4.757768513733386384e-01 9.733008491106677207e-01
7.761221829018438712e-01 7.457331487705473050e-01 1.226362032648296331e-02
3.313137510545287323e-02 1.302070155242402716e-01 2.279909653255711155e-01
6.054364379389304274e-02 2.456414872183642142e-02 7.804074810503782711e-01
5.601875691606499064e-02 0.000000000000000000e+00 5.079808848291479384e-01
2.284465285462294326e-01 3.480319583558742491e-01 8.482926601828063573e-01
4.491908888718459947e-01 4.379666881603246353e-01 6.545382005369575484e-01
1.733590437478772506e-01 4.740706797329113237e-02 4.307364251183779524e-01
3.881980432329385500e-01 3.536620570745294123e-01 4.031384102915493983e-01
5.884653731114348751e-01 5.807899184625677780e-01 8.191477495055659030e-01
7.052578528151808301e-01 4.373787157525790836e-01 5.156805426942664417e-01
1.017716082521665788e-01 4.620878020630564964e-01 8.080769092300873480e-01
6.640846690697139731e-01 1.730507961791736271e-01 1.691558056400023491e-01
2.009137422896146719e-01 2.504284430648391901e-01 7.392108293333002900e-01
2.502930768135154804e-01 7.034531523901628169e-01 8.868251807023415090e-01
8.181609019096556246e-01 6.905444332899651760e-01 7.141358895772507154e-01
3.740755754713880332e-01 6.505712964586038982e-01 2.142896348534934492e-01
1.550622856704611530e-01 1.501760403729580640e-01 2.497248225142103817e-01
1.021879416694970039e-01 0.000000000000000000e+00 7.069980954471921653e-02
2.080681033821611958e-01 2.173824816441467453e-02 6.091523589128881033e-01
1.007198185662791790e-01 2.439416255257274152e-02 8.993951111953118679e-03
2.503478575263221387e-02 1.847175550252543597e-01 3.630826016415628077e-01
1.040066613346772861e-01 3.214259200895782653e-01 3.316223638291957432e-01
2.597701401290633538e-02 2.050434265425754576e-01 6.732331539736809319e-03
1.529806185838090138e-01 0.000000000000000000e+00 8.474427822642283115e-01
2.518817174849079243e-02 1.784767298447002271e-01 4.114312121206755712e-01
5.765122215770271397e-02 9.572903057356134393e-02 8.138926710423576294e-01
5.104466819322252963e-02 1.196321644617143604e-01 1.080448617502409447e-01
1.926308985132514640e-01 3.050825816807205548e-01 5.166697061606115859e-01
3.040329560768244566e-01 4.085567385486040259e-01 7.527911702405803984e-02
1.081152147951749132e-01 1.288270012608901116e-01 2.547638903397800303e-01
2.008589615768080483e-01 1.888804474747278195e-01 1.960290634640433627e-01
4.141421888181608807e-02 4.711515162350415342e-01 1.935980585011104482e-01
1.992922331905382649e-01 9.890183485155297494e-02 2.530576423796345731e-01
1.221062088459895084e-01 1.630369568383796264e-01 3.722241010032690811e-01
7.542865907771192369e-01 4.768176581403178460e-01 3.946213351227985111e-01
2.911594885672652566e-01 5.091029362338187481e-01 5.107949250484400405e-01
5.271109747680037261e-01 4.366545058357217401e-01 4.290047988592749495e-01
4.794079300559858647e-01 3.768090966884294346e-01 7.857180376554937506e-01
